1-2	1-3	1-4	1-5	1-6	1-7	1-8	1-9	1-10	1-11	1-12	1-13	1-14	1-15	2-3	2-4	2-5	2-6	2-7	2-8	2-9	2-10	2-11	2-12	2-13	2-14	2-15	3-4	3-5	3-6	3-7	3-8	3-9	3-10	3-11	3-12	3-13	3-14	3-15	4-5	4-6	4-7	4-8	4-9	4-10	4-11	4-12	4-13	4-14	4-15	5-6	5-7	5-8	5-9	5-10	5-11	5-12	5-13	5-14	5-15	6-7	6-8	6-9	6-10	6-11	6-12	6-13	6-14	6-15	7-8	7-9	7-10	7-11	7-12	7-13	7-14	7-15	8-9	8-10	8-11	8-12	8-13	8-14	8-15	9-10	9-11	9-12	9-13	9-14	9-15	10-11	10-12	10-13	10-14	10-15	11-12	11-13	11-14	11-15	12-13	12-14	12-15	13-14	13-15	14-15
13106	10980	10522	9424	9408	9903	9886	9641	9414	8928	5654	4525	4539	4507	10928	10552	9372	9376	9983	9918	9578	9386	8897	5675	4532	4516	4562	11074	9602	9580	10131	10162	9929	9649	8936	5892	4664	4614	4713	9823	9821	10583	10642	10220	9833	9159	6222	4806	4845	4824	15091	11721	9685	9538	9342	8815	5575	4471	4460	4508	11643	9781	9381	9410	8837	5698	4520	4501	4566	10507	10053	9788	9100	6146	4913	4749	4832	10556	10158	9313	6488	4882	4950	4914	11084	9747	6841	5544	5537	5527	10483	6418	6069	6065	6102	5547	9024	6208	6169	5112	5078	5086	6168	6318	10774
12567	10858	10569	9525	9549	9920	9870	9730	9546	9006	4989	3770	3822	3923	10687	10443	9523	9488	9897	9854	9713	9497	8992	4874	3644	3867	3877	10883	9591	9673	10181	10282	9927	9699	9092	4980	3837	3860	3978	9837	9871	10409	10557	10105	9937	9270	5261	3887	4016	4019	14356	11329	9751	9511	9480	8935	4841	3769	3793	3816	11331	9717	9585	9509	9014	4851	3780	3774	3827	10231	9925	9942	9263	5226	3936	3961	4074	10406	10068	9373	5352	3926	4033	4012	10926	9834	5632	4425	4534	4525	10393	5467	4996	4941	5147	4777	7607	5140	5074	4322	4294	4350	5264	5241	9379
15291	13788	13539	12887	12829	13195	13179	13024	12866	12573	4411	3319	3370	3355	13925	13576	12905	12873	13179	13181	12997	12877	12591	4469	3297	3435	3337	13820	12948	13021	13366	13342	13165	13040	12587	4564	3352	3377	3403	13112	13163	13558	13495	13284	13079	12776	4631	3438	3522	3383	16612	14148	13008	12888	12830	12517	4344	3299	3383	3302	14147	12989	12838	12813	12521	4333	3302	3417	3326	13482	13261	13157	12676	4710	3493	3509	3532	13565	13315	12781	4775	3525	3468	3449	13887	13164	5003	3821	3884	3815	13512	4792	4123	4067	4106	4406	5933	4192	4117	3625	3474	3479	4300	4279	7719
16756	14682	14280	13037	13055	13639	13418	13194	13002	12463	8114	6280	6331	6373	14778	14226	13038	13104	13689	13491	13118	13000	12362	8106	6285	6347	6307	14833	13192	13116	13863	13902	13466	13257	12579	8215	6344	6333	6373	13413	13423	14223	14183	13826	13544	12834	8480	6523	6626	6569	18547	15388	13304	13080	12911	12381	8037	6303	6361	6305	15386	13256	12978	12828	12410	8149	6283	6234	6291	13935	13660	13470	12768	8653	6707	6699	6645	14194	13636	12836	8739	6622	6594	6541	14787	13529	8905	7181	7209	7244	14176	8882	7931	7923	7944	7976	10935	8137	8108	6939	7040	6967	8333	8336	13414
17406	14796	14354	13211	13191	13559	13691	13387	13212	12537	7114	5596	5590	5577	14889	14296	13223	13186	13647	13705	13347	13070	12635	7075	5470	5615	5568	14935	13408	13459	14008	14072	13600	13376	12699	7456	5675	5716	5747	13521	13556	14186	14459	13892	13587	12853	7721	5860	5817	5858	19525	15481	13526	13162	12991	12511	6990	5565	5489	5442	15362	13542	13302	12987	12456	6964	5490	5467	5523	14152	13864	13513	12783	7575	5803	5782	5735	14225	13881	13060	8081	5954	6001	5969	14992	13610	8321	6424	6577	6574	14251	7846	7104	7087	7217	6871	10183	7209	7176	6064	6053	6124	7344	7294	12646
17080	16737	16724	15136	15164	16122	16542	16661	16591	15858	7506	5676	5758	5672	16746	16696	15256	15214	16057	16558	16688	16534	15769	7698	5657	5681	5712	16900	15019	14845	15860	16908	16844	16778	15780	7603	5648	5611	5708	14926	14899	15862	16908	16879	16711	15808	7497	5681	5688	5648	17147	16208	14828	15002	14926	14736	7846	5898	5850	5744	16183	14788	14959	14885	14734	7931	5933	5868	5817	15856	15893	16004	15546	7804	5884	5893	5798	16798	16757	15736	7599	5653	5678	5627	16798	15858	7495	5629	5686	5828	16101	7611	5897	5818	5780	7837	6419	6182	6195	6183	6201	6150	7315	7351	12249
12149	11980	11984	11076	11047	11644	11812	11985	11807	11566	5039	3543	3425	3358	11844	12018	10989	11004	11658	11850	12004	11930	11598	5014	3570	3460	3444	11987	10955	11005	11613	12042	12018	11955	11516	5007	3452	3453	3475	11023	11040	11725	12009	12228	12005	11471	4933	3471	3487	3384	12237	11576	11058	11094	11000	10743	4994	3478	3491	3336	11756	11000	10960	11059	10719	5033	3542	3512	3382	11673	11442	11652	11339	5082	3489	3482	3408	12210	12047	11629	4883	3461	3527	3414	12049	11501	5041	3478	3488	3446	11551	5034	3532	3460	3505	5015	3806	3619	3546	3295	3283	3210	4036	4003	7051
19241	17214	16886	15937	15926	16280	16323	16032	15869	15371	8337	6298	6477	6295	17232	16827	15916	15878	16287	16333	16056	15804	15440	8336	6339	6401	6366	17359	16071	16080	16654	16548	16329	16099	15536	8587	6458	6575	6522	16270	16198	16883	16866	16552	16256	15650	8769	6596	6729	6625	20771	17743	16277	15947	15760	15314	8342	6390	6526	6306	17684	16233	15931	15754	15320	8328	6343	6501	6383	16897	16450	16238	15660	8852	6589	6734	6621	16784	16508	15812	9138	6717	6842	6725	17348	16304	9372	7238	7350	7233	16741	8992	7586	7756	7774	8298	10160	7884	7866	6766	6765	6810	8171	8002	13224
12403	10432	10024	8875	8795	9412	9188	9058	8882	8112	6309	5040	5152	5037	10539	10014	8912	8854	9435	9205	9026	8828	8159	6296	5020	5053	5156	10533	9014	8959	9629	9649	9278	9082	8282	6499	5136	5205	5114	9198	9252	9965	10085	9528	9153	8480	6719	5320	5445	5369	14557	11225	8991	8935	8588	8232	6253	5139	5148	5194	11189	9067	8846	8670	8151	6267	5084	5189	5069	9705	9410	9329	8485	6805	5438	5467	5418	9902	9515	8579	6870	5369	5416	5369	10572	9160	7288	5960	6019	5866	9817	7070	6632	6663	6526	6237	9819	6961	6843	5692	5798	5749	6924	7006	11533
14011	14038	13896	12580	12592	13600	13904	13849	13931	13158	6133	4175	4048	4267	14154	13896	12460	12511	13514	13943	13742	13771	13290	6062	4214	4188	4168	14107	12748	12705	13488	14153	14298	13993	13315	6083	4225	4269	4188	12611	12505	13372	14196	14039	13968	13142	6014	4168	4120	4243	14350	13515	12602	12436	12503	12068	5995	4227	4195	4150	13360	12489	12408	12453	11982	5967	4126	4204	4148	13443	13401	13335	12848	6167	4250	4173	4176	13997	13905	13293	6094	4179	4192	4197	14046	13343	6151	4251	4249	4277	13642	6171	4317	4212	4292	6161	4728	4509	4515	3866	4047	4010	4826	4699	8804
11509	9593	9177	8125	8130	8570	8522	8351	8185	7662	4936	3866	3775	3886	9521	9192	8119	8133	8642	8572	8307	8204	7675	4828	3928	3836	3901	9603	8311	8324	8886	8831	8559	8261	7784	5006	4028	3858	3922	8551	8534	9175	9047	8821	8520	7999	5309	4128	4021	4021	13346	10060	8347	8291	8071	7640	4777	3792	3834	3809	9955	8384	8223	7998	7644	4737	3833	3801	3814	9025	8765	8451	7876	5151	4057	4009	3996	9020	8656	8025	5541	4145	4170	4168	9539	8567	5826	4643	4569	4623	9113	5453	5133	5164	5191	4802	7832	5237	5238	4339	4251	4198	5260	5343	9228
13838	13449	13292	11415	11520	12600	13094	13137	12944	11815	7714	5423	5317	5402	13396	13331	11472	11631	12665	13099	13107	12949	11803	7684	5411	5397	5442	13746	11667	11630	12605	13549	13629	13212	12076	7726	5427	5394	5437	11553	11696	12789	13671	13662	13450	12137	7710	5403	5348	5358	14408	12933	11542	11456	11405	10722	7348	5272	5283	5282	13010	11514	11494	11473	10752	7380	5325	5198	5305	12664	12531	12472	11436	7648	5388	5372	5403	13652	13447	11953	7781	5376	5296	5282	13635	12476	7875	5563	5478	5597	12619	7799	5694	5674	5756	7675	6724	6211	6193	5203	5086	5226	6228	6337	10803
15922	13332	12834	11297	11353	11904	11810	11534	11149	10523	8759	7104	7158	7029	13352	12713	11273	11305	11928	11825	11582	11267	10501	8724	7041	7156	7071	13541	11566	11545	12356	12333	11895	11492	10812	9036	7316	7391	7239	11837	11807	12864	12783	12174	11864	11069	9448	7475	7494	7406	18000	14180	11711	11389	11142	10473	8711	7073	7069	6976	14162	11673	11402	11134	10485	8712	7042	6993	7003	12589	12080	11697	10980	9360	7470	7474	7481	12775	12163	11242	9902	7709	7719	7682	13374	11844	10223	8400	8406	8271	12759	9589	9264	9171	9053	8579	12865	9335	9280	7927	7924	7943	9225	9215	14858
14227	11859	11272	10068	10145	10806	10766	10412	10044	9549	6938	5412	5478	5409	11971	11464	10136	10107	10769	10767	10399	10107	9573	6896	5545	5500	5542	11941	10307	10300	11133	10942	10462	10318	9711	7124	5653	5652	5680	10566	10564	11320	11476	10986	10677	9876	7429	5839	5740	5799	16258	12669	10462	10239	10032	9554	6869	5458	5508	5538	12479	10475	10243	10019	9519	6867	5496	5533	5508	11234	10955	10607	9874	7416	5842	5825	5776	11390	11011	10092	7811	5992	5922	5984	12010	10585	8107	6528	6527	6608	11364	7725	7129	7182	7114	6819	10472	7358	7256	6140	6072	6073	7501	7361	12465
17249	15696	15225	14217	14204	14737	14593	14377	14169	13645	7663	5913	5955	5952	15595	15225	14247	14155	14633	14561	14389	14224	13604	7612	5968	6000	5991	15655	14243	14285	14901	14930	14491	14349	13693	7774	5868	5846	5921	14415	14464	15203	15221	14912	14619	13898	8010	6059	6130	6110	19032	16113	14344	14151	14074	13589	7601	5855	5861	5951	16205	14285	14120	13979	13570	7610	5870	5927	5883	14980	14734	14447	13965	8261	6125	6150	6186	15138	14768	14048	8066	6050	6052	6106	15640	14538	8432	6687	6549	6694	15123	8132	7189	7286	7363	7585	9919	7371	7460	6382	6446	6494	7690	7612	12650
11705	11071	10946	9116	9021	10150	10730	10618	10276	9238	6753	4887	4774	4844	11205	10944	9007	9057	10158	10650	10560	10342	9221	6654	4961	4825	4817	11399	9350	9219	10325	11329	11062	10780	9535	6789	4943	4811	4881	9193	9217	10413	11221	11137	10960	9636	6830	4905	4869	4829	12456	10619	9139	9088	8963	8217	6307	4677	4581	4641	10601	8971	9117	8953	8208	6218	4652	4565	4629	10144	10163	10039	8923	6585	4846	4747	4796	11334	11050	9546	6923	4919	4968	4897	11304	9813	7048	5084	5029	4983	10236	6940	5323	5308	5255	6675	6618	5770	5833	4636	4724	4678	5602	5525	9612
15973	14081	13668	12717	12677	13194	13129	12843	12650	12269	6392	5035	4964	4980	14065	13753	12697	12654	13091	13110	12839	12635	12242	6305	5036	4940	5014	14099	12831	12973	13339	13446	13093	12860	12339	6599	5146	5079	5180	13123	13128	13734	13661	13349	13073	12454	6780	5204	5192	5317	17566	14552	12962	12749	12588	12114	6409	4945	4980	5041	14526	12960	12756	12624	12222	6366	4975	4983	4973	13450	13236	13034	12416	6828	5166	5195	5190	13644	13276	12603	7091	5281	5293	5324	14108	13055	7367	5739	5769	5779	13510	6981	6254	6313	6300	6264	8783	6360	6432	5373	5399	5361	6520	6454	11042
13042	10833	10385	8918	8944	9607	9513	9125	8912	8086	7404	6229	6103	6151	10952	10225	8930	8881	9607	9472	9025	8883	8064	7473	6074	6080	6160	10950	9203	9194	9956	9935	9386	9036	8323	7791	6262	6297	6199	9451	9508	10374	10302	9804	9338	8546	8010	6511	6425	6422	15406	11573	9280	8820	8764	7989	7439	6091	6045	6092	11691	9255	8934	8707	7929	7487	6083	6058	6096	10167	9713	9271	8374	8206	6449	6435	6449	10259	9702	8690	8562	6628	6644	6605	10853	9309	8786	7336	7258	7317	10144	8392	8116	8099	8073	7240	11755	8260	8226	6951	7000	6965	8276	8384	13544
17711	15554	15148	14212	14315	14602	14621	14398	14299	13898	5801	4398	4326	4361	15539	15174	14322	14316	14688	14674	14450	14308	13879	5824	4419	4433	4358	15591	14546	14464	14924	14868	14650	14540	13993	5922	4496	4473	4377	14661	14624	15148	15158	14814	14601	14125	6152	4679	4642	4546	19233	16036	14559	14296	14221	13802	5726	4357	4300	4283	15998	14542	14370	14311	13854	5722	4419	4336	4307	15211	14779	14605	14058	6160	4606	4446	4480	15205	14799	14267	6505	4785	4597	4555	15521	14541	6585	5178	5079	5059	15109	6377	5458	5545	5520	5599	7933	5620	5614	4688	4533	4683	5675	5702	10215
17259	15699	15351	14429	14488	14829	14780	14607	14525	14111	5585	4354	4372	4405	15714	15315	14454	14568	14849	14755	14562	14466	14040	5597	4251	4330	4290	15736	14697	14551	15073	15000	14896	14610	14179	5763	4300	4414	4439	14742	14784	15327	15204	15111	14851	14312	5960	4485	4396	4463	18738	16122	14653	14594	14385	14083	5660	4248	4335	4296	16113	14717	14537	14443	14111	5659	4226	4306	4299	15279	14947	14769	14216	5946	4456	4499	4485	15277	14963	14276	6009	4458	4503	4496	15723	14832	6275	4940	4843	4923	15201	6131	5276	5307	5297	5524	7418	5392	5376	4573	4585	4488	5476	5585	9689
13461	13158	13121	11503	11505	12511	13140	12900	12836	11920	7079	5003	4970	4979	13246	13107	11443	11556	12556	12971	12828	12842	11899	7122	5105	4966	4965	13224	11550	11533	12746	13170	13209	13066	12102	7125	5015	5089	4920	11469	11449	12505	13121	13174	13181	12139	7165	5038	5011	5059	13904	12539	11508	11556	11554	10887	6765	4853	4912	4833	12604	11526	11484	11402	10908	6797	4895	4888	4844	12614	12562	12395	11630	7090	5034	4957	4874	13388	13256	12195	7196	5013	4995	4963	13245	12268	7327	5106	5071	4988	12540	7271	5151	5185	5213	7085	5857	5577	5480	4762	4549	4647	5637	5550	9768
13850	11385	10671	9490	9529	10050	10112	9701	9434	8787	6574	5287	5204	5247	11186	10757	9428	9408	10042	9962	9691	9481	8802	6629	5277	5212	5159	11467	9716	9648	10370	10422	9968	9648	8988	6896	5394	5373	5317	10016	9858	10701	10703	10239	9905	9114	7239	5458	5519	5431	15952	11990	9807	9567	9358	8717	6588	5215	5248	5201	11903	9838	9434	9298	8715	6645	5192	5186	5171	10531	10108	9824	9094	7246	5526	5590	5648	10649	10187	9385	7546	5730	5851	5751	11349	9975	7861	6297	6333	6329	10667	7435	6917	7035	7081	6334	10472	7097	7101	5951	5971	5908	7235	7199	12214
17934	16378	16000	15217	15222	15539	15513	15323	15202	14877	6381	4719	4770	4702	16257	16072	15307	15283	15560	15599	15358	15269	14802	6359	4669	4739	4754	16299	15342	15393	15741	15791	15607	15342	14942	6576	4772	4893	4795	15592	15550	15986	16109	15695	15487	15042	6700	4993	4961	4996	19290	16686	15462	15328	15188	14737	6290	4667	4766	4709	16692	15379	15336	15165	14789	6360	4698	4732	4717	15882	15688	15410	14994	6744	4947	4963	5029	15946	15712	15085	6853	5040	5048	5077	16320	15582	7044	5362	5408	5402	15937	6854	5724	5827	5786	6290	7745	5799	5798	4900	5007	5039	6061	6041	10326
17482	15779	15465	14648	14631	14997	14915	14786	14705	14341	5815	4323	4226	4380	15810	15395	14692	14730	14998	14863	14789	14671	14293	5800	4331	4210	4323	15722	14804	14901	15161	15181	14983	14774	14438	6001	4506	4329	4349	14931	14867	15502	15386	15196	14918	14521	6124	4489	4393	4473	18743	16043	14860	14674	14521	14284	5756	4349	4236	4356	16077	14879	14724	14526	14308	5807	4332	4312	4305	15342	15064	14868	14465	6081	4490	4491	4601	15360	15094	14632	6343	4566	4419	4618	15828	15006	6531	4936	4879	4954	15382	6262	5285	5261	5339	5697	7199	5206	5313	4506	4486	4540	5459	5573	9622
13150	13006	12879	11397	11527	12449	12870	12631	12708	11974	6375	4332	4272	4252	12774	12844	11553	11545	12305	12856	12814	12740	12014	6416	4279	4353	4277	13102	11448	11418	12342	12974	12751	12870	12126	6478	4335	4285	4329	11501	11615	12398	13048	12981	12771	12071	6425	4326	4351	4245	13321	12269	11361	11355	11310	10915	6197	4254	4295	4181	12294	11479	11460	11386	10906	6076	4261	4231	4133	12207	12351	12175	11702	6320	4409	4254	4245	13038	12937	12165	6490	4444	4427	4317	13095	12231	6598	4397	4338	4198	12436	6515	4461	4406	4332	6400	5045	4703	4687	3940	3961	4003	5008	4896	8659
17801	16191	15710	14918	14942	15363	15216	15139	14830	14606	6297	4751	4675	4759	16022	15804	14933	14920	15257	15186	15055	14959	14500	6321	4774	4720	4708	16218	14983	14975	15595	15495	15340	15079	14595	6315	4832	4783	4751	15259	15272	15750	15781	15427	15278	14719	6584	4857	4846	4840	19226	16506	15058	14999	14783	14472	6178	4722	4640	4663	16501	15071	14959	14768	14416	6189	4768	4643	4623	15666	15435	15244	14696	6739	4974	4934	4912	15773	15508	14783	6739	5019	4953	4897	16238	15126	6982	5339	5322	5310	15640	6702	5782	5845	5775	6222	7955	5857	5859	5060	4957	5125	6088	6211	10615
14916	12959	12398	11533	11530	11979	11675	11575	11591	10978	5703	4350	4506	4409	13005	12572	11483	11510	11941	11663	11563	11498	11092	5726	4464	4484	4384	13149	11544	11526	12092	12156	11949	11633	10998	5727	4458	4329	4421	11610	11768	12336	12404	12258	11889	11108	5880	4588	4561	4630	17037	13737	11393	11341	11335	10891	5788	4486	4509	4368	13783	11371	11296	11351	11025	5817	4497	4437	4419	11930	11856	11714	11289	6227	4769	4756	4664	12379	11946	11186	5997	4491	4494	4454	12994	11841	6434	5076	5211	5137	12458	6256	5718	5644	5652	5704	8487	6013	5945	5259	5096	4926	6367	6270	10987
18107	16017	15549	14314	14361	14891	14842	14533	14387	13657	8685	6812	6823	6852	16025	15514	14301	14268	14879	14838	14474	14243	13658	8718	6726	6847	6869	16055	14499	14469	15167	15197	14748	14437	13868	8915	6949	7020	7034	14823	14748	15587	15499	15119	14823	13938	9299	7055	7122	7107	19934	16571	14668	14407	14073	13604	8543	6723	6752	6791	16628	14674	14336	14107	13588	8570	6611	6785	6840	15426	14972	14677	13993	9210	7063	7054	7108	15470	15102	14209	9552	7190	7158	7160	16034	14731	9759	7806	7858	7808	15453	9461	8430	8447	8448	8526	11375	8570	8653	7248	7289	7284	8802	8771	14052
16138	14603	14315	13624	13595	13931	13833	13750	13629	13226	5135	3944	3980	3940	14665	14322	13629	13640	13972	13824	13725	13617	13189	5095	3927	3986	4002	14778	13804	13682	14135	14144	13891	13748	13347	5119	3993	4018	4041	13883	13934	14317	14368	14046	13881	13395	5314	4098	4071	4045	17512	15090	13699	13637	13485	13268	5142	3944	3898	3938	15183	13665	13639	13500	13172	5176	3895	3886	3996	14102	13980	13842	13424	5510	4132	4067	4148	14325	14082	13444	5450	4102	4079	4168	14725	13841	5632	4410	4362	4440	14234	5490	4829	4785	4930	4949	6861	5008	5051	4215	4350	4190	5271	5144	9136
14296	12386	12054	11156	11118	11635	11494	11408	11129	10818	4517	3572	3556	3467	12384	12000	11214	11181	11652	11495	11359	11179	10710	4580	3519	3577	3535	12507	11378	11436	11805	11724	11540	11356	10925	4876	3586	3621	3679	11509	11578	12009	12013	11817	11476	11015	5025	3740	3771	3678	15968	12791	11419	11201	11036	10695	4569	3563	3519	3543	12767	11475	11271	11096	10804	4620	3550	3552	3534	11951	11678	11455	11013	4899	3655	3747	3686	12044	11730	11182	5167	3829	3883	3813	12345	11449	5360	4286	4149	4112	12003	5040	4631	4551	4594	4586	6919	4773	4707	4004	3859	3954	4780	4875	8614
14452	12356	11801	10599	10458	11214	11107	10751	10490	9850	7556	6062	5960	5916	12420	11758	10515	10483	11174	11077	10756	10499	9812	7521	6058	5976	6022	12443	10689	10719	11465	11520	11099	10802	9935	7627	6239	6035	6053	10956	10982	11801	11798	11372	10984	10155	7936	6314	6316	6245	16585	13123	10845	10534	10481	9793	7511	6213	5943	5980	13041	10836	10577	10466	9771	7538	6131	5961	5979	11560	11204	11029	10192	8142	6490	6294	6250	11688	11362	10302	8292	6337	6320	6285	12491	10943	8647	7034	6943	7015	11716	8268	7882	7641	7805	7349	11306	8019	8093	6822	6772	6849	8126	8169	13355
17903	16062	15693	14763	14686	15182	14975	15060	14806	14287	7251	5623	5609	5568	16131	15706	14690	14677	15205	15011	14927	14830	14279	7332	5681	5565	5522	16255	14782	14838	15238	15406	15273	15005	14296	7344	5573	5540	5577	14917	14989	15550	15640	15492	15125	14477	7564	5687	5610	5612	19558	16593	14709	14742	14704	14194	7388	5597	5584	5625	16662	14697	14658	14588	14163	7369	5704	5591	5628	15283	15202	15126	14508	7741	5722	5789	5860	15613	15184	14376	7567	5637	5565	5626	16187	14978	7957	6271	6182	6216	15598	7770	6764	6663	6754	7219	9308	6955	6855	6157	6133	6206	7430	7433	12365
14740	12629	12127	10762	10786	11459	11222	10996	10804	10094	7744	6297	6314	6215	12603	12131	10753	10859	11451	11138	10989	10716	10116	7741	6280	6314	6281	12724	10814	10893	11567	11725	11227	10991	10116	7780	6175	6287	6337	10962	11015	11827	12120	11724	11206	10378	8144	6417	6467	6493	17024	13522	10706	10693	10575	10108	8033	6385	6440	6399	13522	10773	10714	10660	10072	7814	6474	6458	6407	11480	11416	11191	10511	8532	6761	6738	6721	11995	11388	10397	8122	6387	6390	6467	12736	11217	8648	7163	7128	7263	12042	8479	8015	7915	8006	7803	11475	8316	8375	7212	7231	7239	8683	8709	13913
14603	12317	11753	10384	10374	11094	10983	10707	10455	9679	7976	6581	6566	6450	12386	11920	10420	10497	11018	10984	10695	10555	9783	7996	6560	6632	6535	12326	10648	10620	11396	11284	10975	10614	9866	8399	6678	6774	6706	10906	10946	11878	11764	11291	10897	10082	8564	6923	6806	6820	16888	13077	10771	10542	10335	9628	7858	6492	6515	6502	13085	10728	10525	10259	9699	7849	6552	6416	6510	11730	11298	10857	10081	8574	7021	6857	6818	11671	11292	10236	8941	6958	6962	6912	12393	10933	9341	7728	7681	7687	11786	8762	8432	8436	8428	7752	11958	8571	8578	7245	7254	7269	8592	8652	13856
16555	14417	13973	12825	12844	13360	13243	13156	12857	12294	7229	5683	5761	5693	14522	14037	12865	12814	13310	13347	12978	12802	12258	7277	5627	5689	5646	14544	13102	13103	13777	13726	13473	13131	12464	7545	5738	5819	5884	13379	13543	13950	13941	13501	13239	12580	7616	5838	6007	5924	18402	15060	13182	12843	12713	12298	7264	5566	5703	5737	15143	13289	12918	12771	12287	7212	5617	5790	5675	13908	13456	13206	12630	7714	5904	5970	5959	14023	13525	12823	8011	6027	6150	6116	14510	13228	8249	6529	6795	6729	13785	7890	7148	7215	7184	7101	9976	7252	7250	6134	6153	6212	7432	7383	12227
19014	16825	16455	15310	15275	15744	15656	15428	15266	14650	8746	6725	6762	6884	16800	16451	15253	15246	15848	15747	15474	15251	14679	8629	6728	6754	6841	16909	15579	15555	16127	16086	15677	15417	14901	9025	6920	6822	6957	15718	15559	16446	16363	15963	15652	15056	9207	7058	6950	7129	20704	17390	15669	15365	15091	14656	8599	6766	6674	6782	17323	15623	15306	15079	14647	8543	6690	6709	6755	16293	15936	15636	15015	9173	7021	6958	7082	16379	15921	15143	9516	7196	7264	7285	16890	15601	9627	7711	7595	7725	16148	9312	8149	8243	8332	8478	10861	8365	8459	7056	7092	7072	8530	8504	13720
12247	12050	11892	10532	10483	11278	11888	11721	11680	10813	6157	4245	4260	4220	12106	11964	10423	10490	11459	11952	11827	11925	10903	6186	4369	4231	4184	12205	10613	10569	11530	12295	12130	12035	11054	6262	4320	4308	4263	10490	10623	11556	12161	12125	11966	11086	6223	4307	4313	4291	12663	11539	10571	10431	10384	9711	6040	4216	4158	4100	11513	10483	10521	10415	9865	5922	4190	4118	4094	11562	11494	11226	10540	6074	4313	4281	4238	12361	12089	11031	6335	4355	4283	4240	12202	11122	6318	4276	4372	4368	11507	6369	4450	4429	4480	6180	5062	4651	4649	4012	3985	3893	4953	4810	8710
19211	17042	16557	15528	15440	15943	15976	15743	15398	14932	9007	6993	7011	6980	17025	16616	15492	15440	16020	16025	15668	15422	14875	8974	7018	6874	6948	17237	15822	15676	16290	16312	16018	15697	15061	9246	7185	7118	7015	15974	15926	16650	16725	16190	15949	15189	9421	7314	7279	7271	20993	17604	15907	15541	15380	14794	8793	6944	6905	6839	17596	15923	15640	15399	14851	8906	6957	6945	6841	16512	16126	15744	15127	9394	7267	7212	7185	16598	16245	15360	9834	7410	7436	7322	17072	15817	9945	7936	7853	7842	16462	9650	8541	8429	8489	8759	11231	8668	8588	7359	7359	7324	8809	8797	14113
11150	10663	10427	8696	8759	9667	10265	10156	9965	8888	6163	4290	4382	4236	10695	10370	8690	8579	9618	10313	10213	9992	8947	6143	4293	4345	4359	10957	8736	8838	9741	10652	10782	10396	9152	6162	4330	4366	4331	8793	8818	9837	10812	10637	10404	9168	6234	4327	4395	4314	11794	10242	8717	8711	8603	8003	5711	4126	4155	4131	10059	8787	8687	8626	7954	5768	4064	4216	4146	9838	9709	9426	8542	6060	4325	4283	4190	10637	10638	9171	6439	4347	4402	4388	10795	9422	6456	4420	4544	4489	9859	6352	4744	4763	4769	5980	5893	5112	4980	4179	4115	4059	5039	4925	8967
12112	11657	11497	9716	9803	10888	11314	11318	11083	10005	6614	4676	4605	4538	11636	11484	9731	9844	10810	11324	11280	11236	10117	6620	4575	4507	4562	11913	9887	9873	10999	11825	11766	11384	10181	6591	4506	4570	4607	9866	9854	10986	11845	11909	11550	10378	6732	4676	4571	4620	12795	11121	9692	9782	9554	9020	6088	4419	4425	4394	11134	9753	9648	9606	9040	6145	4471	4479	4404	10984	10724	10632	9764	6431	4621	4469	4495	11811	11649	10409	6654	4657	4712	4650	11860	10655	6727	4794	4720	4655	11033	6842	5026	4937	4932	6468	6007	5269	5349	4371	4294	4316	5354	5305	9276
15939	14498	14248	13651	13617	13976	13779	13769	13711	13228	5220	4011	3860	3986	14603	14244	13622	13626	13970	13654	13696	13715	13314	5183	3959	3890	3916	14788	13738	13610	14021	14149	14027	13762	13317	5138	3870	3837	3791	13731	13647	14105	14377	14205	13883	13357	5249	4007	3900	3934	17386	15167	13491	13519	13564	13326	5226	4084	4015	4048	15238	13525	13497	13485	13308	5275	4172	4014	4043	13821	13851	13791	13504	5574	4262	4149	4196	14271	13916	13285	5246	3962	3828	3914	14668	13820	5588	4258	4165	4194	14235	5485	4752	4595	4659	5172	6600	4891	4902	4413	4349	4426	5358	5411	9408
11429	11085	10893	9315	9094	10241	10748	10779	10449	9498	5875	4007	3911	3891	11082	10922	9253	9127	10169	10897	10781	10699	9611	5784	3904	3987	3924	11430	9355	9200	10403	11165	11062	10738	9727	5805	3987	3961	3991	9453	9263	10224	11340	11189	10998	9782	5888	4016	3973	3913	11987	10425	9353	9265	9028	8489	5437	3783	3847	3853	10458	9236	9129	9176	8387	5447	3899	3879	3869	10202	10241	10107	9134	5747	3896	3927	3852	11112	11168	9867	5874	3974	3972	3977	11195	10122	5999	4049	3932	4016	10323	5947	4163	4165	4096	5769	4999	4506	4531	3790	3770	3738	4662	4711	8433
16197	14018	13637	12763	12705	13014	13085	12996	12717	12376	4897	3679	3771	3659	13900	13619	12775	12675	13079	13087	12826	12627	12300	4896	3750	3762	3642	14060	12918	12940	13406	13401	13200	12873	12386	5043	3773	3831	3809	13036	13035	13591	13645	13231	13017	12512	5222	3830	3848	3785	17589	14251	12974	12720	12517	12272	4808	3724	3570	3667	14330	13070	12775	12662	12277	4798	3628	3672	3612	13438	13191	12951	12458	5200	3851	3852	3879	13543	13291	12639	5396	3944	3942	3961	13951	13087	5596	4314	4297	4361	13455	5235	4751	4720	4693	4760	7027	4865	4897	4001	3962	3895	4913	4950	8736
13044	12839	12816	11147	11147	12149	12684	12779	12561	11700	6478	4418	4430	4465	12894	12875	11205	11185	12161	12680	12714	12597	11611	6555	4432	4438	4412	12988	11316	11214	12265	13114	13039	12735	11786	6529	4448	4587	4548	11347	11285	12284	12998	12945	12853	11822	6452	4541	4467	4521	13405	12364	11102	11155	11078	10643	6235	4334	4424	4281	12250	11259	11207	11071	10638	6204	4394	4237	4360	12348	12285	12057	11341	6305	4333	4430	4433	12983	12901	11810	6600	4461	4521	4460	12898	11861	6555	4492	4554	4549	12299	6693	4545	4598	4646	6565	5266	4849	4881	4098	4183	4120	5043	4999	9120
18337	16217	15752	14534	14465	14990	15026	14688	14408	13633	9909	7970	7995	8021	16283	15900	14481	14423	15159	15022	14722	14418	13684	9965	7916	7957	7950	16279	14716	14711	15404	15371	14869	14596	13850	10085	8090	8098	8096	14871	14947	15828	15799	15224	14883	14092	10473	8262	8157	8171	20198	16862	14810	14546	14293	13652	9832	7862	7916	7919	16935	14773	14537	14201	13704	9812	7879	7889	7876	15547	15173	14891	14079	10444	8284	8259	8243	15601	15227	14245	10734	8393	8451	8358	16446	14860	11148	9103	9057	8998	15609	10649	9844	9821	9807	9701	12929	9939	9817	8462	8515	8618	9967	9909	15610
16383	14319	14019	12841	12832	13329	13244	13170	12871	12401	6475	4975	5090	5053	14291	13987	12794	12837	13281	13412	13054	12860	12459	6515	4974	5064	4983	14445	13076	13093	13633	13571	13306	13133	12554	6790	5128	5335	5225	13229	13137	13952	13911	13539	13301	12584	6965	5266	5282	5288	18083	14806	13099	13008	12911	12400	6424	4917	5064	5084	14863	13152	12954	12892	12371	6549	4948	5072	5038	13787	13544	13292	12609	7013	5199	5359	5345	13871	13566	12809	7189	5337	5429	5383	14352	13396	7502	5864	5920	5947	13871	7241	6353	6452	6515	6501	8942	6483	6578	5471	5372	5447	6568	6541	11185
14162	12499	12274	11469	11468	11810	11630	11545	11405	11085	4678	3684	3652	3567	12465	12164	11447	11452	11772	11631	11535	11520	11091	4708	3673	3588	3645	12661	11531	11469	11964	12007	11742	11559	11044	4763	3625	3563	3627	11587	11670	12197	12208	12031	11730	11188	4966	3754	3648	3682	15690	13133	11476	11383	11300	10985	4807	3641	3570	3623	13170	11473	11333	11312	11029	4765	3674	3564	3608	11875	11747	11664	11326	5147	3890	3816	3867	12153	11814	11266	4991	3772	3638	3663	12644	11704	5334	4097	4039	4068	12269	5180	4610	4526	4559	4702	6708	4754	4670	4118	4196	3997	4962	4965	8972
12644	12445	12531	11109	11100	11986	12399	12443	12286	11686	5935	3856	3911	3951	12661	12478	11259	11224	11974	12545	12474	12203	11557	5892	3835	3991	3999	12562	11134	11083	12020	12503	12571	12306	11643	5905	3803	3968	3912	11100	11081	11865	12589	12505	12552	11732	5872	3863	3907	3952	12947	11822	10982	11164	10984	10564	5580	3749	3889	3821	11983	11152	11117	10921	10662	5632	3760	3862	3872	11865	11904	11782	11226	5800	3855	3919	3850	12570	12455	11744	5899	3931	3920	3999	12557	11801	5921	3968	3959	3975	12029	5874	3998	4020	4003	5883	4359	4275	4107	3610	3561	3780	4412	4464	8131
18505	16544	16251	15243	15226	15657	15574	15331	15200	14775	6061	4606	4608	4611	16548	16106	15089	15193	15613	15616	15440	15173	14835	6092	4566	4591	4598	16573	15465	15453	15884	15890	15652	15337	14877	6305	4714	4707	4738	15565	15601	16153	16084	15825	15606	15064	6555	4893	4816	4829	20270	16973	15470	15154	15163	14700	5987	4555	4553	4543	17082	15488	15265	15105	14625	6046	4489	4596	4479	15960	15702	15451	14918	6366	4747	4704	4698	16163	15758	15185	6673	4873	4861	4888	16585	15579	6987	5249	5338	5366	16091	6706	5693	5754	5813	5912	8073	5832	5848	4888	5021	5001	5986	6015	10406
18037	16214	15825	14786	14767	15201	15130	14861	14777	14338	7528	5824	5778	5817	16133	15870	14792	14742	15277	15122	14932	14775	14306	7607	5929	5808	5842	16251	14923	14798	15404	15458	15097	14919	14436	7623	5849	5761	5818	15039	14966	15650	15799	15372	15045	14494	7865	5963	5924	5931	19548	16745	14947	14658	14681	14294	7582	5833	5852	5847	16728	14848	14655	14591	14248	7547	5865	5799	5835	15398	15221	15094	14596	8065	6108	6082	6225	15707	15325	14579	7866	5921	5900	5989	16190	15116	8187	6445	6351	6465	15603	8036	7022	7040	7011	7539	9586	7149	7193	6229	6274	6272	7614	7559	12551
12650	12327	12374	10605	10629	11716	12129	12086	11961	10931	6079	4202	4161	4175	12423	12168	10591	10724	11638	12199	12085	12004	11080	5987	4140	4179	4187	12543	10618	10729	11704	12450	12479	12297	11213	6089	4244	4113	4124	10719	10697	11753	12585	12327	12285	11279	6080	4189	4139	4095	13135	11693	10588	10502	10504	9941	5836	4106	4111	4095	11650	10701	10610	10451	9898	5829	4191	4006	4078	11567	11613	11459	10650	6079	4187	4108	4123	12549	12327	11169	6099	4199	4112	4157	12328	11324	6322	4295	4196	4212	11726	6242	4360	4259	4277	6028	5082	4703	4532	3869	3879	3901	4935	4780	8560
14154	11952	11477	10496	10308	10828	10767	10545	10306	9762	6485	5043	5180	5219	11913	11505	10470	10464	10815	10800	10559	10332	9748	6510	5088	5213	5185	12055	10590	10633	11132	11218	10730	10562	9883	6735	5203	5342	5264	10717	10742	11437	11480	10989	10765	10001	6991	5286	5432	5423	16045	12550	10587	10398	10156	9698	6398	5065	5128	5045	12650	10634	10467	10199	9625	6460	5061	5126	5052	11194	10917	10813	10032	6982	5285	5452	5363	11552	11147	10249	7503	5588	5722	5602	11999	10799	7598	6060	6142	6080	11339	7280	6596	6686	6618	6319	9612	6810	6702	5660	5698	5670	6871	6767	11415
12098	10162	9541	8219	8193	8911	8628	8347	8177	7492	6778	5628	5482	5501	10196	9495	8173	8193	8837	8718	8446	8163	7532	6802	5615	5612	5587	10133	8336	8351	9212	9084	8805	8429	7687	6911	5655	5552	5702	8560	8583	9481	9481	9139	8755	7829	7240	5815	5646	5742	14378	10898	8340	8235	7967	7372	6873	5745	5633	5607	10903	8215	8192	7969	7522	6874	5663	5696	5579	9035	8859	8670	7968	7572	6049	5965	5982	9347	8813	7931	7282	5779	5732	5746	10159	8690	7733	6595	6525	6588	9618	7634	7264	7275	7272	6730	10869	7551	7709	6486	6490	6455	7772	7851	12758
18548	16981	16729	15962	15962	16252	16172	16090	15994	15566	6923	5222	5204	5197	17030	16672	15932	15955	16321	16201	16050	15929	15603	6980	5168	5188	5153	17187	16065	16035	16510	16507	16317	16048	15692	7050	5313	5236	5286	16160	16200	16743	16622	16421	16232	15698	7186	5314	5311	5313	19964	17440	16081	15858	15815	15458	6893	5158	5126	5126	17507	16076	15917	15709	15470	6949	5149	5108	5119	16489	16332	16169	15741	7333	5391	5325	5371	16603	16406	15745	7367	5373	5353	5368	16989	16209	7551	5717	5752	5705	16628	7393	6140	6125	6169	6886	8195	6297	6242	5429	5358	5331	6637	6549	11087
15976	13715	13257	12130	12084	12599	12591	12321	12099	11572	6063	4560	4729	4649	13711	13186	12092	12095	12643	12636	12379	12060	11595	6023	4532	4657	4588	13800	12388	12326	13004	12999	12589	12339	11741	6243	4624	4790	4777	12520	12546	13270	13167	12840	12491	11847	6430	4789	4903	4831	18068	14276	12397	12210	12029	11430	5860	4550	4596	4591	14353	12482	12140	12114	11441	5811	4531	4601	4662	13169	12773	12393	11806	6407	4832	4928	4886	13210	12875	12036	6758	4887	4940	5070	13797	12497	6946	5432	5439	5453	13170	6531	6010	6037	6064	5884	8950	6092	6181	5119	5145	5012	6265	6256	11027
13994	13712	13703	12127	12189	13046	13665	13699	13551	12477	7505	5251	5261	5223	13885	13734	12071	12232	13067	13683	13657	13458	12495	7530	5227	5248	5210	13995	12068	12282	13161	13917	14043	13758	12698	7506	5279	5282	5244	12182	12201	13227	14024	13996	13691	12662	7619	5326	5251	5247	14578	13263	12143	12095	12042	11591	7186	5196	5140	5106	13334	12317	12211	12101	11429	7143	5160	5184	5131	13165	13152	13031	12295	7368	5283	5289	5211	14018	13843	12733	7514	5249	5275	5223	13851	12927	7593	5227	5322	5312	13118	7550	5433	5501	5482	7511	6180	5849	5860	4890	4871	4869	5974	5892	10213
18611	16400	16016	14845	14824	15281	15326	15080	14806	14344	7626	5920	5849	5813	16436	15981	14874	14797	15428	15353	15030	14837	14385	7630	5916	5888	5832	16484	15137	15139	15720	15634	15317	15006	14541	7857	6012	5975	6004	15360	15322	16036	15955	15580	15150	14586	8080	6166	6153	6125	20415	16962	15215	14951	14814	14256	7551	5877	5852	5849	16979	15289	14982	14832	14210	7530	5766	5861	5905	15858	15556	15202	14563	8229	6070	6241	6147	15986	15446	14802	8517	6249	6323	6367	16410	15310	8700	6778	6718	6686	15851	8402	7255	7310	7246	7562	10077	7443	7460	6192	6141	6329	7590	7692	12809
14666	12566	12067	10600	10654	11222	10980	10940	10710	10066	7472	6093	6033	5947	12534	11984	10710	10668	11261	11073	10854	10627	10014	7450	6079	5993	5985	12626	10631	10715	11437	11460	11256	10816	10070	7455	5893	6009	5926	10921	10924	11851	11793	11444	11153	10183	7623	6071	6108	6021	16789	13498	10474	10527	10411	9967	7560	6090	6080	6116	13309	10510	10635	10389	10048	7543	6168	6072	6031	11344	11157	11077	10425	8059	6424	6486	6375	11805	11284	10190	7601	6022	6039	5978	12650	11021	8210	6921	6682	6715	11934	8069	7545	7600	7543	7184	11041	7947	7886	6994	6949	7005	8422	8432	13718
16199	13965	13590	12278	12428	12939	12865	12508	12461	11805	6748	5126	5222	5240	13886	13512	12343	12295	12894	12809	12625	12385	11767	6736	5063	5245	5277	13963	12547	12524	13127	13197	12763	12587	11975	6922	5276	5349	5310	12692	12847	13457	13481	13068	12629	12101	7164	5495	5474	5495	18221	14497	12655	12316	12247	11762	6598	5048	5069	5188	14573	12679	12389	12279	11732	6535	5127	5101	5190	13345	12867	12684	11979	7061	5359	5385	5458	13430	13011	12285	7538	5518	5648	5570	14003	12835	7765	6048	6116	6150	13422	7381	6695	6769	6779	6517	9658	6818	6875	5706	5780	5681	6879	6968	11822
16435	16123	15915	14407	14449	15563	15864	15936	15841	15163	7936	5740	5799	5669	16117	16098	14432	14426	15499	15755	15960	15893	15091	7749	5828	5770	5677	16241	14367	14205	15312	16234	16354	16033	15183	7847	5693	5677	5677	14311	14245	15384	16229	16299	16081	15036	7720	5763	5713	5607	16644	15571	14332	14242	14196	13851	7959	5680	5866	5816	15611	14324	14276	14351	13888	7889	5695	5898	5812	15326	15268	15232	14626	8084	5837	5845	5809	16299	16050	15012	7768	5658	5708	5644	16100	15199	7745	5696	5743	5747	15634	7976	5855	5959	5855	7960	6484	6211	6180	5740	5737	5743	7048	6943	11606
13937	13500	13641	11891	11866	12924	13318	13351	13320	12501	6490	4662	4544	4671	13554	13463	11865	11948	12909	13416	13501	13370	12458	6644	4663	4655	4710	13762	11954	11975	12848	13770	13727	13540	12457	6512	4559	4478	4676	11870	11870	12716	13765	13607	13557	12542	6478	4652	4614	4640	14325	13105	11770	11852	11814	11276	6522	4607	4629	4703	13074	11705	11828	11763	11340	6550	4593	4619	4669	12626	12845	12825	11999	6693	4691	4679	4760	13734	13591	12401	6408	4536	4528	4514	13696	12759	6522	4681	4556	4667	12977	6695	4787	4813	4793	6665	5419	5158	5141	4651	4612	4509	5660	5609	9811
12642	10308	9779	8738	8700	9314	9120	8887	8616	8205	5449	4218	4317	4282	10189	9726	8725	8686	9229	9213	8842	8612	8188	5519	4292	4349	4257	10355	8957	9001	9559	9443	9204	8962	8349	5647	4411	4461	4408	9106	9183	9885	9797	9395	9145	8380	5837	4490	4425	4534	14531	10926	9181	8848	8595	8129	5417	4248	4303	4249	10838	9003	8868	8549	8060	5402	4225	4284	4247	9828	9365	9053	8417	5929	4490	4490	4553	9796	9414	8647	6143	4683	4808	4693	10393	9032	6631	5256	5269	5178	9724	6142	5670	5801	5812	5264	8655	5899	5867	4811	4894	4889	5879	5827	10385
11708	11383	11436	10333	10098	11040	11525	11472	11432	10676	5604	3772	3758	3841	11556	11616	10235	10136	10973	11434	11435	11282	10707	5560	3732	3704	3782	11636	10244	10243	11047	11543	11594	11437	10979	5504	3702	3752	3807	10192	10144	11018	11552	11411	11476	10776	5547	3697	3742	3698	11903	10958	10240	10219	10088	9702	5293	3685	3681	3743	10898	10147	10200	10066	9599	5347	3663	3653	3722	11075	10906	10954	10403	5506	3761	3726	3779	11694	11689	10810	5454	3774	3757	3810	11643	10888	5605	3844	3806	3751	11175	5584	3819	3819	3890	5654	4271	4107	4082	3444	3404	3425	4215	4202	7577
18519	16490	16235	15182	15215	15739	15672	15496	15171	14841	7172	5409	5532	5536	16613	16202	15223	15242	15747	15641	15441	15262	14829	7261	5432	5555	5608	16608	15494	15415	15949	15950	15674	15489	14898	7438	5568	5672	5640	15657	15623	16321	16251	15939	15555	15073	7663	5678	5756	5819	20118	17050	15535	15361	15090	14768	7166	5481	5450	5451	17124	15525	15350	15149	14715	7132	5444	5474	5460	16075	15813	15597	14998	7636	5734	5685	5714	16232	15890	15118	7900	5810	5922	5912	16627	15640	8100	6304	6275	6324	16119	7888	6723	6787	6777	7111	9191	6876	6960	5807	5862	5772	6881	7019	11686
18364	16354	16001	14965	14921	15418	15481	15126	14920	14417	8052	6329	6354	6279	16488	15992	14967	14934	15536	15358	15177	14999	14406	8038	6312	6334	6270	16503	15083	15072	15711	15661	15376	15093	14510	8352	6393	6361	6398	15237	15273	15952	16014	15566	15222	14617	8590	6515	6484	6441	19997	16957	15203	14936	14788	14354	8027	6265	6282	6134	16968	15172	14904	14859	14320	8051	6242	6268	6295	15894	15569	15289	14715	8561	6692	6576	6570	16036	15532	14802	8896	6784	6674	6627	16540	15485	9098	7284	7110	7088	15856	8792	7801	7784	7595	7996	10436	7852	7788	6754	6671	6663	8044	8035	13208
14709	12689	12294	11154	11112	11621	11535	11298	11061	10529	7061	5605	5608	5611	12758	12331	11058	11140	11699	11514	11309	11096	10494	7188	5640	5702	5711	12744	11251	11262	12024	12028	11596	11359	10599	7287	5761	5751	5666	11471	11516	12326	12244	11833	11541	10785	7559	5807	5985	5914	16708	13355	11350	11099	10993	10310	7104	5623	5614	5627	13355	11351	11080	10807	10383	7149	5519	5599	5566	12058	11741	11550	10773	7743	5923	5920	5957	12113	11825	10938	7778	5887	6097	6009	12766	11512	8213	6530	6631	6577	12232	7850	7216	7273	7095	6986	10208	7457	7392	6240	6365	6414	7527	7534	12470
16764	14401	13813	12245	12288	13005	12917	12533	12339	11689	8918	7078	7299	7127	14300	13739	12300	12329	13054	12772	12533	12333	11567	8938	7192	7150	7076	14328	12663	12639	13446	13273	12832	12671	11732	9316	7270	7329	7287	12781	12823	13780	13588	13226	12847	12026	9515	7422	7509	7430	18794	14918	12722	12506	12102	11468	8823	7031	7145	7123	14950	12777	12512	12159	11474	8705	7002	7088	6959	13593	13081	12770	11929	9524	7460	7569	7588	13706	13213	12176	10047	7672	7776	7666	14462	12858	10174	8360	8333	8271	13504	9823	9093	9040	9039	8667	12354	9249	9090	7793	7864	7841	9332	9292	14734
16024	13459	12918	11576	11646	12245	12214	11848	11644	11108	7293	5809	5664	5842	13415	12966	11769	11660	12190	12217	11859	11654	11073	7338	5849	5624	5723	13600	11970	11955	12685	12585	12062	11930	11233	7570	5891	5839	5839	12152	12192	13031	13009	12406	12103	11378	7815	6038	5947	6006	17959	14066	12163	11749	11577	10986	7274	5688	5636	5646	14059	12094	11764	11520	10974	7183	5697	5628	5650	12830	12335	12022	11326	7778	6055	5939	5875	12940	12440	11522	8176	6160	6044	6114	13445	12153	8398	6843	6734	6775	12815	8068	7522	7344	7395	7086	10585	7439	7442	6281	6261	6256	7564	7600	12736
19481	17989	17599	16618	16708	17164	17007	16873	16672	16224	8624	6516	6499	6516	18014	17704	16680	16710	17237	17085	16900	16659	16305	8625	6566	6546	6458	18083	16853	16850	17421	17300	17065	16922	16357	8756	6649	6621	6622	17031	17047	17633	17631	17310	17170	16474	8976	6706	6664	6682	20939	18464	17037	16766	16609	16206	8649	6632	6539	6475	18429	16923	16789	16645	16219	8620	6535	6529	6519	17563	17186	17058	16467	9053	6796	6825	6774	17473	17223	16600	9174	6806	6756	6680	18076	17063	9328	7259	7201	7225	17463	9184	7728	7759	7692	8507	9968	7906	7875	6920	6797	6759	8244	8210	13357
16903	14699	14144	13049	13004	13520	13386	13259	12834	12429	7595	5763	5830	5988	14659	14207	13057	13058	13546	13466	13287	12947	12474	7519	5907	5920	5907	14720	13262	13268	13874	13946	13608	13281	12625	7831	5911	6053	6132	13488	13461	14181	14094	13810	13440	12749	7979	6042	6181	6150	18715	15251	13339	13108	12904	12452	7444	5845	5854	5900	15174	13413	13041	12935	12408	7420	5730	5820	5949	14058	13658	13389	12758	8041	6067	6072	6118	14213	13795	12923	8437	6287	6363	6340	14743	13566	8666	6890	6958	6947	14027	8318	7397	7524	7618	7507	10228	7541	7596	6469	6447	6431	7632	7591	12672
15719	13677	13248	12066	12084	12639	12550	12320	12102	11506	7028	5457	5483	5472	13747	13137	12084	12052	12755	12494	12250	12063	11568	6964	5481	5493	5488	13733	12335	12338	12980	12906	12595	12294	11704	7119	5550	5483	5491	12492	12525	13275	13160	12792	12520	11680	7380	5553	5637	5668	17691	14359	12297	12098	11947	11458	7014	5446	5556	5513	14417	12221	12138	11962	11487	6989	5441	5549	5494	12987	12666	12493	11879	7505	5737	5800	5810	13132	12720	11914	7444	5697	5706	5722	13773	12504	7818	6237	6375	6323	13158	7666	6924	6999	7004	7023	9812	7092	7116	6159	6107	6104	7380	7401	12442
11579	9953	9366	8393	8417	8841	8787	8580	8275	7820	5152	4055	4098	4024	9860	9357	8317	8330	8861	8631	8563	8424	7918	5168	4057	4062	3991	9759	8512	8476	9043	9069	8827	8537	7980	5232	4119	4182	4152	8691	8596	9298	9383	8977	8799	8137	5412	4223	4308	4255	13404	10404	8605	8335	8343	7868	5000	4044	4139	4032	10388	8520	8365	8295	7822	5067	4143	4138	4074	9164	8937	8642	8017	5532	4257	4340	4292	9348	8997	8203	5647	4223	4365	4259	9865	8676	6053	4718	4805	4754	9226	5781	5382	5436	5230	5051	7976	5572	5476	4537	4658	4750	5563	5685	9860
12526	10458	10077	8914	9024	9460	9330	8985	8890	8260	6043	4707	4806	4851	10496	10042	8803	8924	9507	9282	9116	8858	8350	6077	4772	4785	4844	10542	9038	9053	9810	9632	9284	9232	8418	6195	4852	4926	4949	9277	9249	9938	9947	9582	9373	8605	6359	4955	5001	5045	14232	11099	9043	8946	8855	8301	6090	4888	4839	4834	11082	9082	8944	8740	8308	6072	4861	4912	4819	9772	9481	9274	8585	6546	5078	5139	5150	9939	9543	8697	6636	5069	5098	5113	10538	9359	6911	5639	5724	5748	9986	6713	6161	6297	6339	6010	9339	6542	6622	5442	5507	5504	6617	6601	11116
17359	16097	15758	15237	15127	15477	15440	15277	15131	14884	5518	3891	3944	3931	16069	15819	15206	15241	15471	15403	15299	15133	14864	5444	3968	3907	3944	16192	15327	15257	15713	15602	15455	15274	14911	5520	3927	4014	3970	15389	15419	15763	15837	15527	15370	14939	5704	4106	4088	4064	18705	16407	15369	15246	15146	14824	5438	3926	4057	3955	16452	15353	15195	15137	14775	5482	3921	4002	3992	15660	15560	15453	14981	5810	4099	4173	4060	15816	15483	15058	5829	4102	4161	4070	16058	15417	5930	4395	4457	4437	15718	5813	4719	4691	4726	5433	6451	4840	4795	4163	4101	4208	5096	5157	8928
14894	12622	12263	10987	10931	11466	11472	11205	11074	10482	6734	5204	5293	5197	12702	12189	11024	11078	11536	11577	11268	10950	10455	6865	5189	5275	5305	12632	11234	11199	11916	11795	11428	11061	10612	6957	5293	5379	5424	11419	11424	12131	12211	11638	11317	10617	7106	5424	5413	5466	16746	13166	11398	11082	10824	10367	6586	5263	5138	5073	13165	11282	11148	10893	10399	6658	5156	5184	5193	11968	11621	11363	10769	7166	5577	5501	5426	12054	11760	10852	7627	5568	5686	5579	12578	11408	7804	6213	6294	6219	11952	7431	6735	6683	6697	6621	9582	6899	6970	5712	5784	5674	7008	6959	11628
15912	14019	13582	12904	12818	13376	12695	13044	13041	12571	6226	4940	4795	4873	13969	13642	12900	12884	13370	12717	13026	13057	12573	6245	4908	4805	4803	14448	12550	12635	12993	13377	13483	13133	12292	6076	4654	4609	4620	12717	12642	13051	13648	13697	13243	12373	6053	4733	4680	4644	17706	15032	12257	12478	12641	12650	6657	5163	5013	5118	15020	12215	12509	12681	12651	6676	5211	5095	5142	12646	12953	13117	12894	6959	5280	5300	5344	13490	12994	12032	5960	4600	4533	4618	14263	12909	6408	5127	5029	5079	13785	6606	5625	5470	5622	6479	7758	6121	6161	5930	5887	5945	7071	7138	11766
13838	13392	13431	12068	12179	12925	13487	13587	13342	12590	6430	4358	4448	4422	13586	13543	11940	12008	12929	13369	13587	13336	12516	6488	4430	4430	4339	13674	12070	11957	13047	13619	13753	13393	12724	6542	4449	4352	4374	12023	12189	13182	13627	13689	13612	12772	6501	4459	4416	4384	14187	12967	11932	12035	11977	11459	6197	4344	4349	4266	12997	12004	12146	11921	11537	6355	4357	4350	4260	12858	13051	13024	12203	6415	4438	4426	4382	13681	13536	12589	6450	4403	4349	4341	13676	12765	6453	4519	4432	4289	13013	6505	4486	4489	4408	6449	5026	4878	4797	3999	4049	4054	5056	5010	8996
12953	12949	12864	12033	12073	12443	12875	12873	12892	12458	5149	3613	3569	3444	12914	12970	12058	12181	12691	13018	12834	12748	12465	5175	3630	3528	3437	12849	12196	12038	12680	12960	12919	12885	12607	5178	3611	3570	3492	12220	12117	12505	13032	13058	12893	12516	5153	3598	3541	3492	13074	12381	12036	11992	12071	11934	5186	3649	3556	3472	12574	12184	12053	12046	11763	5200	3680	3490	3450	12623	12501	12559	12185	5208	3654	3525	3500	12958	12805	12648	5240	3598	3467	3510	12979	12584	5186	3583	3490	3474	12646	5212	3641	3571	3547	5220	3838	3693	3609	3421	3425	3367	4147	4152	7555
12443	10630	10247	9189	9220	9741	9513	9546	9244	8828	4932	3753	3822	3768	10662	10194	9304	9264	9831	9604	9530	9343	8877	4839	3715	3784	3749	10686	9341	9293	9850	9849	9643	9397	8964	5006	3842	3848	3971	9421	9616	10149	10228	9873	9675	9007	5183	3882	3878	3965	14197	11200	9398	9287	9181	8727	4828	3779	3706	3772	11237	9351	9293	9163	8692	4872	3802	3746	3730	9837	9747	9506	9054	5235	4010	3992	4060	10134	9740	9110	5252	3987	3941	3969	10665	9503	5492	4396	4472	4443	10111	5382	4850	4853	4915	4705	7608	5096	5134	4266	4397	4412	5234	5266	9271
13921	12321	11857	11103	11065	11554	11164	11176	11196	10791	5000	3932	3831	3964	12263	11869	11103	11090	11552	11235	11244	11252	10837	4962	3941	3898	3933	12479	11000	11036	11593	11710	11477	11243	10781	5016	3922	3779	3865	11116	11111	11608	11832	11816	11444	10770	4960	3901	3759	3880	15545	13039	10892	10990	11038	10728	5169	4044	3940	3975	13054	10869	10948	11026	10636	5126	3958	3914	3964	11340	11485	11320	10990	5493	4204	4176	4177	11778	11349	10763	5021	3827	3799	3902	12390	11232	5453	4310	4279	4263	11905	5420	4758	4717	4787	4958	6898	4953	5027	4467	4553	4560	5408	5486	9519
16796	14942	14720	13904	13822	14256	14266	13978	13813	13534	5500	4056	4084	4032	14974	14694	13894	13902	14254	14232	14085	13888	13557	5495	4097	4139	4035	15073	14084	14024	14436	14467	14250	14051	13632	5655	4166	4110	4111	14230	14095	14663	14748	14334	14181	13772	5795	4239	4308	4185	18153	15313	14175	13894	13773	13512	5452	4067	4026	3980	15290	14164	13933	13824	13464	5420	4059	4046	3959	14585	14303	14127	13641	5759	4243	4265	4198	14634	14359	13877	6014	4351	4303	4275	14989	14107	6168	4621	4603	4531	14604	5945	5038	4982	4983	5329	7015	5068	5040	4229	4202	4235	5199	5195	9208
18765	17226	16965	16053	16092	16481	16461	16214	16161	15724	6811	5070	4997	4996	17216	16928	16087	16110	16470	16421	16149	16181	15688	6761	5071	4990	4905	17256	16317	16219	16618	16697	16355	16291	15760	6896	5110	5150	5098	16492	16403	16959	16909	16678	16449	15983	7009	5205	5221	5139	20075	17491	16343	16195	16086	15664	6663	5024	4963	4931	17536	16341	16156	16038	15699	6736	5014	4926	5003	16797	16504	16347	15928	7033	5311	5185	5166	16826	16624	15976	7255	5237	5170	5181	17192	16345	7398	5665	5575	5487	16688	7167	6047	5995	5907	6594	8118	6096	6085	5261	5280	5150	6307	6306	10802
12341	10512	10227	9123	9042	9704	9427	9400	9277	8706	5238	4058	4170	4113	10501	10092	9064	9082	9605	9401	9398	9178	8762	5183	4195	4084	4146	10713	9120	9137	9754	9931	9648	9385	8811	5241	4071	4092	4022	9325	9282	9931	10068	9821	9577	8986	5308	4155	4106	4190	14167	11231	9173	9080	9022	8635	5201	4119	4043	4127	11158	9210	9069	8979	8650	5269	4099	4032	4081	9716	9641	9492	8988	5664	4371	4367	4318	9980	9653	9007	5306	4170	4097	4089	10619	9487	5778	4660	4747	4547	10102	5647	5341	5259	5183	5117	7930	5526	5447	4699	4701	4673	5742	5528	9947
14781	14470	14346	12760	12706	13611	14144	14236	14092	13029	7931	5627	5583	5478	14507	14253	12564	12635	13622	14267	14229	13999	13018	7983	5610	5489	5451	14628	12718	12929	13698	14486	14420	14344	13242	8121	5682	5474	5557	12629	12710	13830	14619	14482	14439	13231	8178	5638	5562	5603	14997	13742	12610	12483	12562	11961	7530	5463	5414	5480	13738	12653	12569	12512	11858	7608	5444	5421	5335	13678	13603	13468	12652	7759	5583	5420	5497	14597	14382	13287	8067	5554	5465	5546	14515	13364	8099	5674	5563	5633	13632	8066	5848	5707	5672	7982	6634	6101	6178	5277	5259	5198	6227	6312	10749
15436	15482	15307	14113	14087	14905	15293	15387	15216	14688	7199	4908	4940	4906	15422	15284	14063	14194	15008	15327	15307	15210	14644	7240	4916	4898	4905	15464	14239	14166	14947	15488	15363	15432	14692	7190	4990	4959	4900	14076	14128	14800	15404	15558	15261	14744	7201	4892	4945	4976	15787	14859	14079	14059	13880	13715	7046	4901	4874	4886	14947	14179	14149	14054	13654	7120	4970	4882	4917	14810	14865	14896	14328	7369	4945	4933	4996	15442	15363	14771	7067	4927	4921	4871	15466	14784	7156	4969	4985	4962	15023	7300	5031	5031	5068	7285	5479	5236	5148	4591	4638	4590	5583	5563	9816
14539	12395	11778	10544	10514	11125	11112	10587	10456	9897	7350	6086	5907	5954	12256	11686	10486	10488	11034	10981	10668	10418	9826	7464	6049	5962	5892	12350	10710	10791	11494	11483	10944	10759	10006	7798	6166	6166	6103	10913	11015	11825	11976	11246	10922	10224	8090	6330	6328	6357	16662	12977	10971	10532	10475	9797	7268	6020	6018	5861	13000	10859	10523	10525	9812	7320	6075	5940	5800	11723	11164	10914	10130	8006	6424	6300	6310	11783	11302	10390	8470	6606	6601	6558	12406	10991	8726	7145	7176	7077	11620	8281	7835	7720	7695	7279	11114	7856	7686	6644	6628	6567	7783	7826	12784
12718	12338	12399	10906	10921	11805	12120	12252	12246	11411	6258	4205	4198	4264	12438	12268	10999	10904	11792	12271	12228	12242	11433	6177	4292	4241	4208	12437	10943	11019	11893	12583	12325	12404	11514	6295	4328	4323	4313	11057	10958	11959	12523	12470	12290	11507	6229	4180	4280	4267	13021	11894	10875	10877	10878	10307	5951	4168	4183	4160	11893	10917	10853	10984	10231	5960	4203	4241	4203	11868	11765	11800	11134	6172	4234	4193	4267	12518	12431	11329	6224	4230	4244	4226	12447	11634	6204	4354	4341	4221	11820	6285	4443	4367	4436	6159	5009	4626	4710	3969	3984	3945	4902	4871	8575
16840	14846	14347	13342	13325	13838	13835	13467	13372	12878	6357	4929	4787	4845	14843	14436	13371	13379	13889	13793	13547	13373	12929	6438	4919	4843	4807	14847	13504	13647	14154	14047	13743	13556	13098	6615	5029	4982	4937	13750	13820	14365	14412	14047	13722	13105	6789	5140	5019	4965	18421	15256	13615	13466	13315	12872	6355	4864	4764	4759	15144	13635	13437	13338	12868	6337	4887	4817	4763	14286	13968	13676	13149	6794	5080	5052	5015	14299	13949	13346	7145	5223	5248	5138	14714	13766	7317	5736	5608	5493	14202	6961	6182	6115	6031	6189	8721	6252	6100	5249	5185	5209	6367	6326	11115
13983	11786	11201	9866	9756	10437	10412	10070	9835	9087	7579	6163	6248	6135	11684	11196	9815	9738	10422	10392	10075	9899	9118	7616	6150	6208	6225	11764	10156	10049	10813	10737	10347	10017	9259	7955	6225	6312	6333	10318	10434	11177	11106	10699	10372	9518	8279	6507	6524	6541	16001	12364	10204	9914	9586	9063	7382	6044	6127	6148	12351	10249	9893	9622	9075	7333	6131	5978	6042	11016	10578	10293	9486	8199	6399	6390	6576	11015	10728	9710	8648	6714	6631	6678	11877	10307	8910	7264	7401	7373	11058	8526	7980	8075	8021	7312	11421	8152	8142	6767	6949	6851	8269	8215	13249
14601	14608	14533	13104	13155	13997	14419	14319	14354	13585	6959	4693	4766	4718	14424	14414	13087	12983	13953	14389	14343	14258	13624	6937	4706	4832	4757	14621	13004	13030	13992	14599	14582	14458	13874	6967	4766	4750	4819	12911	13015	13956	14647	14542	14524	13765	6933	4735	4751	4728	14950	13923	13030	13071	12940	12482	6809	4709	4668	4647	13931	12980	13043	12893	12580	6821	4635	4729	4727	13881	13907	13847	13383	6915	4726	4749	4740	14611	14581	13686	7049	4708	4754	4770	14438	13804	7055	4791	4748	4746	14030	7003	4819	4874	4886	6980	5337	5080	5138	4497	4429	4549	5522	5493	9604
14016	11534	11113	9974	9940	10599	10451	10131	9919	9469	5415	4271	4207	4197	11505	11103	9977	9949	10493	10392	10167	9889	9625	5418	4235	4144	4168	11593	10156	10152	10843	10815	10356	10260	9606	5699	4335	4253	4272	10376	10375	10998	11052	10705	10375	9777	5756	4412	4441	4368	16073	12197	10356	9982	9926	9505	5325	4264	4147	4164	12120	10360	10010	9900	9457	5308	4201	4212	4215	10998	10520	10230	9763	5836	4442	4462	4465	10933	10668	9935	6245	4705	4576	4608	11561	10440	6414	5112	5058	5057	10930	6065	5683	5608	5593	5262	8633	5743	5788	4705	4809	4718	5673	5753	10228
16017	13886	13641	12606	12572	13067	12602	12820	12753	12174	5999	4432	4553	4492	13951	13480	12560	12554	13012	12642	12768	12735	12191	5836	4570	4643	4562	14158	12448	12517	13054	13174	13085	12809	12117	5895	4491	4439	4429	12613	12640	13169	13566	13450	13042	12146	6038	4552	4572	4579	17844	14710	12249	12484	12428	12224	6209	4731	4896	4752	14719	12243	12447	12468	12239	6147	4768	4833	4784	12738	12876	12935	12401	6526	4980	4931	5027	13462	12918	12022	5847	4472	4547	4520	14072	12801	6333	5033	4966	5068	13567	6399	5509	5727	5652	5931	8059	6093	5962	5464	5481	5564	6649	6670	11512
17358	14997	14493	12951	12966	13568	13611	13146	12962	12195	9570	7700	7737	7806	14978	14466	12923	12997	13634	13560	13105	12891	12252	9528	7671	7720	7729	15101	13262	13239	14058	13918	13642	13258	12377	9910	7926	7963	7962	13587	13506	14396	14327	13919	13569	12612	10272	8132	8134	8104	19330	15773	13439	13059	12787	12105	9496	7668	7691	7687	15707	13409	13163	12775	12093	9449	7610	7637	7726	14250	13914	13404	12565	10182	8097	8064	8165	14257	13885	12754	10703	8330	8409	8290	14922	13505	10914	8998	9019	9031	14296	10540	9773	9750	9834	9286	13263	9915	10019	8352	8355	8259	10079	9987	15659
18024	15987	15450	14043	14102	14618	14700	14350	14171	13416	8913	7195	7166	7099	15937	15436	14075	14080	14688	14681	14289	14188	13533	9024	7171	7126	7136	15999	14329	14466	15094	15061	14579	14288	13624	9198	7308	7144	7205	14673	14600	15472	15259	14805	14666	13756	9498	7410	7452	7353	19877	16572	14558	14213	13966	13446	8883	7053	6970	7012	16522	14563	14207	14027	13466	8815	7109	7094	7026	15310	14851	14518	13807	9500	7402	7365	7397	15203	14875	14015	9863	7653	7655	7691	15923	14668	10067	8207	8062	8250	15261	9713	8905	8803	8907	8802	12069	8913	8926	7656	7572	7556	9032	9074	14571
15553	15417	15473	14218	14213	14992	15379	15406	15294	14448	7992	5497	5579	5575	15402	15351	14231	14146	15019	15327	15392	15263	14570	8021	5496	5621	5655	15550	14230	14167	15032	15445	15512	15336	14734	8041	5549	5587	5635	14137	14309	15109	15607	15421	15431	14722	8101	5625	5497	5646	15915	15071	14211	14129	14243	13710	7868	5498	5374	5514	15126	14133	14147	14037	13555	7847	5447	5344	5498	14907	14927	14849	14280	7946	5510	5509	5596	15485	15330	14749	8052	5627	5544	5654	15522	14820	7958	5519	5514	5670	15003	8084	5747	5724	5829	8073	6200	5938	6041	5124	5168	5093	6262	6298	10672
11320	11252	11174	10107	10087	10854	11138	11287	11139	10356	5110	3468	3402	3425	11282	11226	9985	10018	10707	11170	11095	11067	10507	5152	3525	3472	3423	11496	10047	9913	10811	11363	11399	11220	10613	5137	3448	3361	3454	9930	10240	10855	11503	11294	11164	10632	5103	3439	3356	3460	11627	10886	10002	9934	10027	9542	5089	3429	3427	3401	10806	9959	9921	10149	9583	4988	3448	3331	3393	10646	10764	10807	10150	5104	3418	3405	3384	11367	11249	10449	5200	3465	3372	3430	11309	10733	5234	3508	3477	3487	10726	5168	3519	3494	3488	5176	3888	3736	3739	3229	3092	3163	3923	3939	7105
16320	14302	13948	13277	13274	13543	13519	13390	13121	12870	5185	3839	3853	3861	14397	13980	13297	13227	13518	13620	13365	13183	12917	5169	3787	3863	3897	14387	13394	13480	13850	13887	13563	13370	13070	5434	3874	3859	3950	13563	13518	14003	14088	13824	13508	13183	5561	4036	4022	4061	17565	14694	13529	13378	13105	12836	5075	3774	3838	3888	14688	13540	13334	13133	12844	5121	3846	3895	3883	13851	13692	13492	13069	5539	3982	3969	3988	13989	13712	13295	5800	4164	4106	4156	14401	13504	5933	4413	4502	4449	13889	5611	4749	4803	4827	5114	6634	4850	4869	4078	4071	4089	4992	5063	8754
15756	13609	13137	12171	12132	12564	12500	12203	12028	11598	5665	4250	4333	4287	13587	13075	12144	12105	12470	12491	12202	12094	11549	5619	4151	4253	4314	13704	12324	12339	12778	12789	12542	12282	11741	5840	4446	4462	4399	12473	12547	13101	13105	12698	12388	11880	6193	4541	4511	4556	17635	14017	12463	12181	11967	11545	5613	4223	4321	4273	14118	12354	12153	11935	11578	5517	4228	4305	4330	12984	12704	12376	11824	6051	4491	4559	4583	13073	12790	12083	6361	4610	4645	4609	13586	12478	6436	5110	5052	5060	13017	6191	5579	5505	5485	5460	8190	5637	5647	4704	4709	4783	5845	5784	10180
11894	10008	9568	8416	8465	8964	8881	8680	8377	7896	5677	4465	4410	4434	10047	9640	8443	8537	9079	8886	8615	8397	7893	5748	4476	4496	4492	10090	8624	8605	9310	9183	8910	8625	8064	5823	4627	4522	4526	8827	8765	9584	9668	9173	8871	8277	6028	4733	4664	4700	13763	10695	8661	8548	8417	7822	5606	4509	4545	4460	10777	8707	8497	8419	7807	5576	4512	4533	4509	9332	9087	8833	8161	6158	4811	4776	4833	9532	9058	8385	6383	4885	4879	4813	10233	8898	6683	5398	5306	5262	9566	6322	6012	6030	6026	5562	8879	6058	6087	5178	5088	5056	6178	6186	10770
16384	14620	14268	13329	13335	13760	13603	13519	13367	12862	5506	4264	4283	4360	14540	14318	13304	13333	13664	13643	13536	13204	12792	5588	4193	4235	4198	14620	13385	13479	13865	14013	13737	13434	13005	5615	4364	4313	4259	13552	13573	14215	14268	13886	13649	13040	5814	4341	4437	4451	18177	15223	13421	13330	13305	12902	5570	4288	4250	4236	15165	13387	13358	13224	12856	5593	4321	4300	4321	13973	13809	13582	13108	5983	4439	4474	4518	14135	13850	13119	5904	4484	4491	4426	14759	13638	6246	4939	4990	4796	14168	6062	5286	5385	5381	5522	7783	5519	5499	4677	4748	4732	5748	5848	10129
