1-2	1-3	1-4	1-5	1-6	1-7	1-8	1-9	1-10	1-11	1-12	1-13	1-14	1-15	2-3	2-4	2-5	2-6	2-7	2-8	2-9	2-10	2-11	2-12	2-13	2-14	2-15	3-4	3-5	3-6	3-7	3-8	3-9	3-10	3-11	3-12	3-13	3-14	3-15	4-5	4-6	4-7	4-8	4-9	4-10	4-11	4-12	4-13	4-14	4-15	5-6	5-7	5-8	5-9	5-10	5-11	5-12	5-13	5-14	5-15	6-7	6-8	6-9	6-10	6-11	6-12	6-13	6-14	6-15	7-8	7-9	7-10	7-11	7-12	7-13	7-14	7-15	8-9	8-10	8-11	8-12	8-13	8-14	8-15	9-10	9-11	9-12	9-13	9-14	9-15	10-11	10-12	10-13	10-14	10-15	11-12	11-13	11-14	11-15	12-13	12-14	12-15	13-14	13-15	14-15
13521	13544	13523	12512	12465	13059	13170	13494	13384	13077	4986	3462	3585	3480	13486	13397	12539	12427	13056	13499	13393	13357	13094	5032	3488	3512	3509	13574	12394	12497	13120	13728	13487	13484	13096	5026	3504	3568	3496	12396	12425	13153	13541	13565	13461	13035	4929	3496	3527	3634	13652	13156	12553	12410	12460	12147	5131	3584	3639	3534	13145	12442	12474	12449	12321	5008	3482	3602	3590	12995	12943	12956	12868	5095	3488	3606	3590	13484	13572	13190	4994	3449	3570	3520	13461	13193	4973	3572	3564	3526	13152	4977	3514	3537	3521	5107	3730	3571	3676	3491	3581	3608	4249	4277	7826
15403	12753	12425	11309	11177	11696	11804	11469	11368	10660	5594	4376	4372	4494	12868	12399	11311	11300	11639	11751	11436	11292	10727	5663	4312	4438	4468	12969	11534	11515	12056	12034	11759	11396	10846	5770	4540	4570	4527	11606	11668	12374	12442	12041	11668	10955	6088	4700	4626	4625	17414	13403	11669	11293	11062	10549	5605	4285	4344	4366	13463	11621	11401	11151	10644	5516	4231	4311	4292	12407	11868	11581	10947	6099	4622	4575	4661	12481	11953	11112	6515	4852	4822	4747	12866	11613	6658	5218	5298	5242	12268	6377	5893	5835	5876	5621	8835	5935	5891	4989	5034	4908	6032	6006	10875
15553	13591	13123	12150	12097	12537	12486	12297	12147	11676	5919	4458	4482	4496	13574	13140	12127	12172	12481	12503	12267	12093	11568	5888	4434	4526	4528	13575	12339	12255	12880	12877	12411	12187	11704	6018	4602	4612	4575	12499	12509	13035	13129	12789	12376	11898	6253	4684	4670	4675	17212	14096	12421	12124	12049	11584	5900	4431	4488	4415	14028	12434	12197	11998	11546	5916	4440	4477	4503	12952	12636	12353	11815	6393	4715	4628	4681	13034	12727	12034	6502	4733	4829	4831	13509	12471	6813	5232	5221	5344	12997	6498	5830	5691	5785	5800	8292	5824	5871	4972	4926	4950	6008	6007	10520
18906	17136	16768	15827	15867	16218	16226	15996	15761	15445	6909	5189	5192	5232	17119	16829	15886	15786	16149	16023	16057	15801	15410	6870	5182	5166	5252	17106	15923	15903	16389	16420	16148	15956	15549	6972	5330	5360	5351	16149	16152	16709	16726	16476	16102	15635	7310	5384	5387	5435	20581	17630	16029	15897	15796	15343	6822	5190	5211	5308	17505	15949	15934	15764	15369	6850	5166	5210	5301	16561	16363	16076	15602	7355	5544	5570	5528	16788	16302	15711	7364	5393	5504	5469	17099	16252	7698	5881	5867	5865	16692	7429	6331	6323	6389	6882	8793	6390	6549	5541	5598	5631	6631	6723	11639
14303	12295	11728	10465	10549	11085	10970	10775	10629	9946	7098	5565	5721	5715	12314	11776	10512	10465	11085	10952	10714	10499	9916	7010	5579	5675	5654	12295	10660	10660	11356	11389	10989	10713	10024	7363	5742	5766	5666	10891	10885	11784	11623	11120	10969	10177	7537	5849	6003	5888	16415	12780	10862	10611	10412	9756	6985	5629	5616	5624	12827	10867	10623	10321	9796	6977	5584	5598	5543	11628	11113	10935	10154	7734	5899	5824	5896	11594	11318	10365	7938	6087	6114	6043	12328	10990	8226	6663	6632	6618	11670	7849	7302	7200	7211	6892	10506	7404	7489	6151	6206	6192	7528	7567	12523
13398	13359	13372	12290	12387	12844	13431	13272	13233	12826	5691	3819	3864	3875	13331	13217	12373	12381	12896	13311	13237	13266	12775	5634	3799	3797	3826	13503	12408	12366	13051	13185	13309	13277	12848	5678	3864	3897	3934	12422	12416	12981	13273	13349	13321	12856	5684	3714	3947	3926	13464	12893	12282	12413	12277	11961	5667	3739	3741	3809	12928	12478	12442	12245	12067	5574	3752	3832	3916	12965	12964	12876	12534	5547	3809	3906	3888	13382	13296	12774	5693	3816	3907	3951	13255	12941	5684	3817	3965	3941	12909	5753	3887	3905	3980	5786	4090	3997	4042	3564	3527	3438	4381	4308	7832
13632	11319	10935	9823	9821	10278	10248	10003	9881	9406	5857	4611	4616	4543	11278	10877	9750	9797	10289	10206	9953	9768	9280	5862	4681	4575	4566	11447	9986	10042	10655	10668	10265	9980	9469	6060	4839	4745	4732	10240	10174	10866	10874	10344	10134	9691	6223	4940	4786	4865	15476	11887	10158	9811	9717	9291	5773	4602	4525	4543	11873	10183	9752	9642	9159	5764	4503	4505	4457	10788	10423	10126	9540	6266	4882	4908	4881	10796	10463	9738	6699	5061	5006	4951	11328	10218	6809	5499	5517	5458	10738	6439	5969	6002	6045	5737	8911	6251	6089	5166	5188	5167	6315	6217	10701
14617	12220	11871	10836	10747	11268	11305	11009	10851	10340	5655	4462	4537	4390	12301	11926	10842	10870	11282	11357	10990	10799	10389	5717	4464	4541	4358	12381	10942	10962	11545	11485	11253	10938	10384	5875	4598	4515	4451	11178	11248	11775	11846	11468	11192	10661	6163	4658	4710	4651	16255	12715	11038	10805	10629	10206	5626	4343	4457	4350	12797	11024	10913	10669	10245	5660	4319	4445	4333	11662	11416	11041	10534	6203	4607	4687	4555	11758	11433	10672	6495	4808	4820	4702	12296	11216	6643	5270	5347	5217	11837	6403	5731	5738	5616	5615	8473	5893	5703	4833	4895	4882	5984	5870	10198
16606	14471	13951	12823	12830	13342	13052	13045	12908	12196	7463	5795	5891	5812	14526	13968	12877	12783	13425	13139	13031	12875	12222	7440	5912	5917	5922	14661	12914	12880	13476	13693	13346	13065	12241	7435	5760	5872	5838	13054	13015	13690	14027	13666	13310	12459	7614	5830	5966	5933	18831	15401	12643	12824	12589	12108	7546	5850	5930	5948	15401	12640	12762	12524	12085	7511	5874	5906	6017	13482	13292	13221	12568	8086	6244	6208	6297	13830	13452	12379	7658	5846	6056	5985	14607	13211	8126	6595	6559	6587	14048	8049	7238	7368	7382	7488	10614	7715	7693	6604	6788	6685	8144	8103	13466
17567	15636	15270	14422	14365	14713	14732	14450	14320	13808	6746	5028	5103	5059	15634	15244	14246	14304	14723	14795	14486	14362	13909	6843	5128	5121	5074	15770	14510	14601	15022	14993	14711	14491	14042	6961	5305	5202	5240	14672	14643	15296	15296	14999	14569	14174	7235	5368	5369	5283	19160	16094	14656	14472	14242	13848	6758	5060	5119	4998	15988	14735	14520	14317	13851	6688	5079	5108	5024	15067	14877	14635	14111	7156	5399	5326	5267	15247	14902	14242	7409	5392	5510	5386	15660	14664	7652	5776	5889	5790	15174	7364	6304	6402	6369	6648	8719	6464	6407	5372	5452	5430	6589	6577	11096
12192	12031	11842	10412	10545	11412	11811	11827	11717	11010	5643	3874	3721	3778	11790	11852	10565	10472	11347	11919	11790	11778	10862	5741	3899	3836	3815	12005	10532	10419	11193	11972	11948	11812	11108	5676	3903	3819	3858	10444	10567	11411	12027	12075	11788	10906	5772	3967	3833	3802	12390	11450	10444	10512	10443	9946	5442	3814	3732	3753	11394	10536	10446	10341	9932	5501	3803	3631	3748	11318	11298	11142	10783	5634	3867	3795	3761	12056	11876	11124	5770	3930	3788	3819	11988	11199	5770	3950	3880	3863	11457	5731	4017	3908	3930	5635	4540	4133	4124	3563	3559	3507	4347	4331	7932
13759	12944	12910	10826	10875	12012	12614	12457	12220	10943	7883	5691	5782	5709	13077	12888	10804	10838	11817	12534	12553	12185	10941	7872	5706	5827	5786	13190	10913	10911	12160	13110	13116	12631	11227	7995	5725	5683	5733	10897	10860	12159	13148	13061	12688	11183	8007	5669	5715	5777	14429	12496	10729	10587	10601	9902	7583	5721	5712	5746	12598	10711	10781	10675	9904	7509	5604	5629	5634	11817	11813	11684	10701	7991	5803	5750	5776	13239	12845	11276	8021	5731	5725	5784	13202	11633	8178	5939	5919	5907	12077	8242	6126	6167	6249	7904	7757	6792	6786	5626	5728	5670	6932	6904	11554
12311	10714	10214	9336	9309	9807	9619	9421	9321	8825	4744	3701	3619	3632	10649	10230	9304	9425	9778	9658	9468	9330	8854	4845	3757	3650	3794	10676	9490	9502	9983	10021	9783	9503	9001	4787	3841	3764	3727	9682	9674	10208	10312	9954	9689	9098	4988	3937	3866	3719	13991	11156	9580	9440	9306	8905	4780	3793	3606	3600	11107	9549	9428	9315	8898	4742	3854	3838	3677	9989	9834	9598	9101	5083	4037	3981	3974	10164	9760	9218	5214	4003	3948	3854	10610	9652	5389	4405	4355	4261	10228	5245	4852	4858	4786	4721	7274	4958	4921	4210	4198	4187	5214	5276	9300
16628	14963	14711	13868	13829	14306	14201	13967	13860	13415	5957	4339	4455	4421	15079	14822	13892	13922	14280	14163	13945	13835	13434	5914	4326	4457	4499	15157	14000	13909	14510	14533	14285	13889	13549	5903	4397	4432	4436	14244	14158	14689	14823	14539	14142	13676	6088	4552	4579	4567	18176	15587	13994	13885	13809	13501	5815	4403	4407	4491	15596	14090	13861	13723	13410	5901	4408	4454	4462	14527	14298	14174	13746	6260	4592	4708	4708	14723	14305	13663	6230	4641	4595	4690	15188	14189	6476	4918	4947	4965	14603	6310	5398	5430	5449	5855	7669	5564	5627	4773	4808	4766	5987	5868	10365
13802	11475	11057	9741	9818	10366	10359	10132	9898	9348	6456	5129	5068	5106	11577	11036	9780	9744	10348	10401	10096	9931	9324	6502	5065	5048	5120	11569	10015	9979	10714	10776	10337	10147	9461	6792	5336	5226	5238	10250	10293	10972	11099	10547	10391	9576	6971	5438	5394	5390	15690	12069	10202	9916	9711	9173	6409	5042	4958	4916	12090	10269	9867	9745	9179	6378	5076	4952	4901	10901	10428	10228	9557	6933	5327	5215	5283	10965	10584	9808	7442	5593	5390	5487	11516	10274	7597	6021	5941	5957	10830	7191	6635	6547	6555	6402	9688	6666	6743	5671	5645	5706	6829	6887	11402
17933	15962	15636	14451	14483	15044	14973	14716	14523	13983	7852	6128	6237	6248	16057	15536	14487	14452	14957	14975	14721	14404	13965	7835	6039	6184	6200	16071	14642	14750	15284	15242	14888	14708	14150	8084	6319	6317	6346	14809	14874	15603	15554	15200	14887	14219	8335	6324	6368	6426	19556	16448	14884	14640	14407	13911	7877	6097	6168	6129	16400	14806	14606	14405	14014	7837	6188	6123	6204	15438	15092	14801	14171	8467	6331	6452	6492	15564	15174	14366	8603	6514	6609	6609	16102	14873	8851	6998	6994	7100	15515	8569	7516	7598	7543	7769	10103	7716	7696	6570	6600	6546	7906	7764	12902
12330	10206	10017	8910	8894	9393	9360	9021	8828	8407	5177	3965	4018	3993	10284	9917	8937	8846	9350	9224	9025	8863	8444	5186	3947	4091	4021	10397	9077	9182	9691	9494	9244	9115	8606	5296	4181	4097	4104	9228	9207	9934	9952	9499	9194	8605	5550	4153	4229	4196	14192	10759	9217	8988	8796	8433	5073	3940	3983	4052	10774	9238	8983	8765	8395	5109	3957	3927	3882	9821	9485	9198	8643	5504	4202	4220	4347	9734	9515	8908	5828	4423	4406	4364	10312	9244	6050	4741	4739	4804	9751	5751	5287	5304	5304	4976	7909	5359	5353	4515	4460	4401	5516	5404	9474
11897	10396	10100	8138	8185	8982	9260	8897	8603	7675	7809	6191	6153	6119	10418	9969	8092	8029	9057	9072	8935	8650	7559	7697	6202	6205	6211	10690	8368	8297	9426	9775	9469	9154	7897	8262	6306	6379	6442	8598	8596	9855	10181	9706	9318	7936	8382	6488	6473	6474	13591	10638	8376	8156	7832	6967	7310	5864	5926	5949	10599	8454	8225	8072	7045	7370	5923	5968	6000	9541	9189	8730	7573	8100	6248	6244	6343	10071	9664	8174	8618	6554	6691	6661	10532	8772	8949	7083	7035	7063	9619	8662	7825	7674	7769	7558	11059	8187	8162	6484	6544	6525	7884	7809	12804
14835	13116	12675	11664	11612	12137	12046	11813	11707	11132	6410	5011	5190	5057	13144	12673	11652	11624	12094	12061	11747	11592	11055	6442	5148	5095	4988	13304	11858	11864	12465	12375	12081	11836	11200	6604	5137	5232	5143	12087	12146	12650	12710	12241	11928	11399	6839	5195	5332	5220	16621	13585	11991	11794	11570	11138	6394	4987	5097	4979	13576	11991	11804	11583	11131	6339	5022	5099	4997	12617	12215	11934	11405	6856	5267	5318	5290	12600	12248	11608	7144	5392	5404	5323	13115	12145	7422	5755	5855	5834	12597	7069	6419	6432	6329	6317	9010	6569	6460	5467	5385	5458	6656	6607	11170
13361	11214	10652	9259	9215	9857	9852	9425	9204	8532	7024	5546	5642	5687	11249	10669	9298	9219	9853	9763	9500	9245	8553	7015	5605	5531	5641	11294	9422	9460	10222	10351	9845	9562	8659	7266	5674	5701	5722	9827	9836	10735	10528	10155	9921	8954	7632	5904	5853	5878	15694	11864	9623	9364	9256	8539	7029	5538	5586	5618	11874	9504	9423	9142	8591	6949	5618	5634	5704	10353	9998	9779	8864	7714	5949	5952	6014	10534	10068	9147	7851	6103	6123	6099	11186	9829	8202	6719	6793	6812	10570	7890	7428	7370	7462	6826	11059	7610	7642	6420	6436	6460	7702	7670	12905
11593	10992	10727	8749	8801	9906	10456	10283	10093	8974	6724	4826	4844	4822	10887	10695	8878	8813	9867	10361	10310	10079	8949	6626	4844	4773	4868	11112	9088	8954	10129	10977	10746	10445	9268	6889	4852	4890	4856	9185	9163	10233	11041	10888	10765	9260	6963	4955	4888	4974	12397	10450	9016	8875	8796	8093	6221	4644	4720	4609	10443	8910	8875	8719	7890	6214	4700	4606	4588	10084	9895	9772	8810	6748	4790	4783	4779	11109	10789	9257	6904	4988	5025	4944	11009	9593	7045	5126	5072	5026	10080	6920	5340	5288	5351	6559	6836	5868	5739	4622	4615	4540	5650	5680	9748
16219	14132	13634	12395	12431	12920	12883	12672	12408	11912	7138	5509	5613	5628	14102	13577	12370	12369	13067	12894	12651	12545	11887	7100	5519	5613	5619	14173	12717	12629	13286	13281	12910	12597	12072	7286	5659	5765	5743	12823	12889	13672	13586	13209	12938	12132	7483	5696	5813	5947	18272	14774	12713	12484	12315	11868	7028	5404	5526	5552	14756	12660	12431	12244	11743	6997	5433	5443	5556	13355	13006	12849	12108	7666	5746	5882	5892	13534	13111	12247	7811	5814	5964	5861	14183	12872	8134	6362	6488	6461	13441	7777	7017	7164	7190	6924	10100	7158	7302	6031	6059	5997	7422	7323	12403
14673	14565	14462	12968	13148	13994	14437	14349	14309	13508	7281	5070	4921	5001	14431	14507	13265	13251	14050	14366	14518	14304	13514	7204	5045	4929	4996	14607	12986	13145	13871	14617	14560	14503	13709	7270	5040	5096	5059	13279	13188	14198	14660	14607	14556	13762	7340	5038	5065	5014	14902	13990	13082	13003	13061	12573	7143	4907	4971	4907	14117	13094	13126	13176	12597	7079	4900	4820	4938	14011	13912	14010	13319	7226	4992	5044	4960	14547	14533	13806	7280	5021	5097	5063	14603	13882	7357	5043	5046	5070	14004	7393	5152	5178	5156	7353	5686	5488	5428	4683	4693	4550	5683	5691	9967
14463	14532	14493	13218	13298	14099	14411	14211	14258	13895	6143	4239	4255	4202	14375	14427	13296	13314	13891	14365	14364	14413	13942	6153	4321	4340	4303	14393	13397	13243	13997	14434	14472	14343	13840	6136	4350	4234	4218	13308	13289	13881	14415	14623	14424	13837	6164	4252	4229	4151	14738	14016	13168	13269	13282	12988	6159	4262	4367	4211	14035	13300	13210	13114	12952	6169	4306	4350	4364	13935	13987	13981	13595	6193	4244	4274	4371	14582	14328	13756	6110	4249	4182	4195	14481	13897	6190	4347	4264	4280	14022	6288	4267	4281	4402	6218	4671	4509	4469	4045	4188	4195	5137	5167	8996
15338	13136	12537	11092	11045	11700	11698	11120	11009	10302	8398	6771	6774	6766	13177	12488	11005	11095	11743	11758	11261	11006	10404	8476	6766	6851	6812	13250	11356	11285	12133	11953	11500	11290	10628	8764	6972	7029	7033	11619	11614	12532	12400	11905	11538	10769	9049	7086	7175	7159	17520	13868	11417	11208	10808	10208	8284	6695	6698	6694	13961	11396	11177	10856	10248	8271	6749	6721	6733	12301	11875	11570	10631	9096	7093	7090	7231	12354	11889	10983	9419	7316	7318	7343	13141	11633	9655	7996	8022	7956	12393	9389	8642	8845	8795	8201	12401	8763	8811	7514	7516	7450	8945	9054	14329
13737	13792	13730	12993	12960	13461	13798	13671	13651	13298	5897	3953	3892	3932	13645	13809	12953	12791	13348	13677	13712	13559	13285	5852	3987	3977	3993	13731	12951	12911	13409	13831	13801	13788	13395	5804	3871	4043	3915	12981	12881	13450	13780	13784	13842	13337	5849	3928	3968	3918	13850	13375	13090	12927	12938	12744	5845	3897	3996	3883	13324	12850	12921	13045	12644	5850	3881	3975	3927	13421	13461	13405	13017	5855	3965	3998	3960	13889	13803	13391	5853	3935	3907	3948	13765	13416	5841	3938	3956	4061	13500	5908	3982	3970	4024	5833	4177	4103	4122	3617	3691	3679	4415	4514	8107
16884	15417	15066	14410	14399	14674	14560	14489	14454	14022	5434	3982	4098	4095	15299	15068	14334	14341	14722	14503	14516	14448	14011	5438	3987	4000	4072	15555	14395	14378	14738	14840	14741	14523	14075	5428	4023	4062	3994	14464	14479	14971	14980	14866	14679	14173	5632	4053	4004	4124	18312	15911	14266	14274	14290	13973	5469	4151	4058	4124	15899	14198	14292	14160	14060	5508	4124	4068	4143	14617	14614	14569	14222	5813	4238	4204	4318	14990	14706	14110	5524	3963	4063	4113	15385	14558	5782	4300	4373	4340	15063	5808	4770	4728	4812	5391	6681	4990	4957	4415	4455	4418	5354	5327	9547
11654	9674	9198	8095	8115	8591	8568	8298	8072	7492	5560	4390	4339	4410	9765	9286	8134	8079	8776	8571	8284	8078	7507	5505	4351	4417	4318	9718	8259	8345	8945	8819	8521	8270	7608	5799	4434	4505	4523	8434	8559	9352	9307	8779	8544	7886	5969	4671	4700	4577	13703	10189	8376	8065	7916	7456	5344	4262	4329	4337	10338	8411	8065	7916	7398	5334	4157	4342	4239	9090	8673	8479	7748	5953	4532	4603	4561	9104	8861	8027	6302	4710	4793	4698	9611	8502	6558	5299	5324	5285	9127	6246	5890	5975	5842	5275	8725	6026	5947	4977	4919	4952	5993	5923	10176
13702	13628	13542	12503	12505	13207	13466	13557	13585	12933	5335	3828	3810	3846	13664	13601	12468	12516	13175	13461	13530	13604	13019	5290	3868	3764	3855	13689	12367	12354	13084	13622	13652	13495	13015	5304	3844	3742	3820	12507	12408	13071	13756	13730	13715	12955	5353	3829	3705	3869	13948	13243	12284	12380	12502	12237	5432	3945	3794	3791	13244	12216	12343	12359	12256	5415	3905	3853	3875	13128	13145	13132	12866	5377	3978	3769	3824	13626	13455	12990	5289	3760	3785	3809	13542	13064	5314	3849	3836	3864	13229	5323	3826	3851	3900	5433	4125	4046	4012	3983	3958	3959	4875	4967	8597
13767	11566	11131	9866	10003	10544	10509	10160	10006	9565	5920	4548	4567	4509	11625	11207	9963	10026	10530	10455	10114	9973	9505	5920	4550	4630	4466	11609	10154	10232	10865	10802	10525	10140	9596	6166	4602	4698	4620	10364	10343	11037	11175	10739	10380	9749	6281	4879	4822	4861	15745	12123	10294	10159	9905	9400	5813	4568	4584	4479	12131	10307	10122	9902	9355	5693	4488	4525	4566	10987	10657	10522	9727	6309	4801	4880	4763	11039	10778	9900	6635	4935	5027	4963	11662	10519	6905	5480	5553	5520	11003	6585	6053	6006	5900	5811	8841	6229	6140	5086	4992	5111	6272	6191	10668
19133	17451	17110	16048	16060	16555	16246	16074	16132	15624	8983	7015	7121	7181	17367	17018	16095	15906	16551	16185	16048	16047	15566	9086	7024	7109	7145	17497	16002	16020	16702	16506	16424	16341	15676	8968	7034	7038	7080	16218	16191	16834	17019	16643	16401	15746	9115	7088	7080	7243	20781	18005	15902	15871	15888	15572	9167	7153	7229	7290	18155	15872	15920	15860	15593	9186	7159	7188	7232	16432	16403	16421	15810	9558	7413	7349	7548	16835	16421	15697	9041	7026	6999	7094	17579	16299	9567	7587	7600	7598	16918	9591	8186	8322	8361	8946	10836	8519	8569	7637	7636	7706	8989	9053	14399
15288	13330	12747	11720	11741	12262	11847	11697	11574	10923	7800	6246	6262	6260	13281	12852	11569	11614	12113	11901	11800	11654	11030	7775	6295	6263	6221	13426	11669	11644	12331	12446	12059	11783	11049	7746	6216	6257	6244	11815	11883	12442	12636	12457	12183	11163	8065	6310	6353	6316	17294	14082	11536	11492	11354	10913	7881	6303	6251	6300	14074	11601	11503	11399	11012	7909	6260	6354	6273	12200	12176	11991	11303	8523	6597	6627	6624	12750	12178	11308	8103	6333	6346	6244	13479	11924	8669	7043	7046	7038	12711	8472	7760	7788	7734	7683	10945	8162	8069	7020	7020	6969	8334	8425	13565
15474	13701	13240	12469	12427	12849	12821	12601	12478	12039	5359	4159	4196	4208	13671	13238	12401	12446	12841	12819	12585	12372	12021	5380	4156	4032	4126	13681	12649	12553	13027	13093	12783	12584	12222	5472	4233	4235	4307	12675	12712	13299	13216	12887	12711	12299	5612	4337	4309	4355	16801	13976	12622	12470	12265	11937	5261	4111	4074	4074	14012	12672	12445	12375	12010	5261	4084	4147	4106	13190	12886	12766	12226	5665	4331	4307	4367	13250	12975	12385	5905	4463	4422	4436	13560	12775	6064	4795	4701	4750	13141	5852	5123	5154	5189	5310	7323	5272	5346	4409	4416	4479	5443	5387	9330
12666	12500	12282	11261	11242	12054	12231	12438	12249	11748	5694	3826	3823	3732	12479	12325	11330	11211	11978	12300	12333	12369	11811	5653	3835	3745	3630	12567	11095	11303	12047	12369	12518	12371	11886	5685	3881	3783	3708	11349	11330	12055	12435	12525	12478	11907	5652	3806	3738	3738	12917	12022	11299	11267	11111	10891	5547	3712	3806	3653	12020	11367	11253	11232	10966	5497	3760	3764	3625	12155	12001	12031	11472	5584	3771	3839	3782	12485	12465	11836	5633	3839	3761	3750	12466	12056	5718	3831	3847	3681	12050	5713	3871	3809	3781	5578	4262	4068	3944	3526	3474	3484	4196	4295	7679
14588	12341	11964	10929	10912	11437	11422	11233	10981	10549	5615	4287	4219	4379	12301	12061	11004	10918	11467	11384	11181	10983	10539	5668	4235	4354	4347	12489	11075	11129	11679	11772	11388	11122	10545	5906	4330	4414	4421	11351	11378	11931	12102	11641	11476	10755	6169	4401	4548	4677	16129	12893	11310	11107	10946	10529	5508	4285	4384	4388	12827	11298	11081	10889	10495	5570	4263	4358	4381	11883	11510	11332	10739	5961	4414	4480	4542	11896	11629	10915	6399	4653	4658	4693	12466	11380	6594	4974	5175	5140	11832	6170	5473	5628	5538	5564	7890	5634	5693	4718	4778	4752	5702	5721	9917
16521	14284	13999	13217	13126	13597	13529	13324	13197	12784	5070	3664	3735	3774	14331	14093	13180	13188	13573	13530	13342	13123	12776	5086	3720	3792	3761	14428	13365	13397	13837	13748	13579	13347	12900	5321	3791	3859	3866	13474	13486	14060	14028	13686	13577	13014	5446	3864	3916	3985	17913	14733	13462	13263	13141	12710	5053	3643	3786	3750	14727	13381	13217	13139	12745	5042	3727	3717	3812	13925	13657	13490	12925	5301	3842	4005	3947	13969	13713	13100	5647	3914	3991	3997	14436	13477	5805	4294	4358	4436	13920	5517	4762	4778	4812	4967	7020	4905	4938	3973	3952	3988	4910	4990	8918
12398	10549	10067	8956	8831	9314	9229	8973	8795	8402	5820	4744	4670	4733	10477	9970	8939	8903	9434	9313	9063	8800	8433	5814	4764	4696	4690	10574	9071	8987	9609	9626	9499	9064	8380	5974	4742	4741	4806	9181	9207	9934	10026	9612	9182	8611	6162	4975	4890	4931	14419	11214	9013	8869	8774	8305	5810	4690	4766	4733	11153	9001	8953	8738	8302	5840	4718	4716	4731	9677	9592	9301	8655	6429	4973	5052	5061	9906	9505	8720	6400	4940	4934	5016	10519	9288	6698	5523	5496	5499	9920	6485	6063	6069	6127	5782	9132	6407	6382	5350	5344	5283	6479	6507	11099
14012	11590	11143	9962	9991	10555	10399	10197	9929	9335	5806	4543	4552	4533	11630	11112	9892	9888	10471	10350	10064	9962	9437	5742	4558	4527	4524	11716	10156	10211	10830	10776	10273	10119	9614	5937	4563	4689	4723	10403	10324	11082	11164	10667	10433	9784	6337	4866	4816	4843	16042	12226	10291	9962	9865	9405	5757	4478	4457	4501	12053	10343	9969	9879	9317	5761	4433	4399	4586	11098	10588	10374	9663	6254	4701	4780	4823	10988	10646	9825	6651	4913	4871	5055	11603	10429	6773	5354	5416	5494	11000	6411	5930	6036	6028	5680	8946	6034	6178	5033	5014	5029	6195	6211	10808
15211	13646	13338	12574	12523	12970	12534	12641	12774	12301	4897	3685	3742	3781	13695	13273	12591	12628	13039	12634	12701	12691	12224	4964	3694	3821	3740	13816	12459	12376	12884	12978	13043	12759	12296	4874	3726	3725	3628	12491	12531	12921	13269	13235	12882	12345	4959	3778	3716	3699	16648	14317	12273	12382	12512	12333	5159	3842	3989	3960	14384	12190	12315	12409	12310	5221	3812	3902	3880	12591	12644	12827	12576	5470	4011	4094	3995	13225	12743	12136	4898	3611	3685	3568	13678	12614	5205	3920	4068	3906	13295	5134	4433	4378	4446	5015	6265	4817	4735	4333	4287	4313	5278	5344	9435
14952	12713	12131	10815	10773	11381	11371	11038	10772	9998	8181	6446	6480	6485	12763	12210	10809	10813	11286	11466	11055	10737	10051	8184	6510	6427	6469	12831	11083	11073	11820	11857	11442	11083	10235	8487	6733	6656	6676	11327	11291	12162	12142	11637	11245	10569	8802	7026	6892	6874	17177	13410	11308	10850	10706	10104	7983	6564	6446	6418	13451	11283	10806	10698	10063	8039	6507	6483	6431	12089	11542	11210	10441	8687	6883	6846	6871	12037	11656	10679	9140	7078	7086	7138	12822	11418	9390	7836	7697	7669	12112	8910	8596	8422	8457	7954	11961	8479	8504	7207	7223	7231	8690	8593	13799
17573	15921	15515	14628	14693	15054	14867	14891	14710	14241	7004	5386	5451	5417	15920	15490	14640	14616	15111	14849	14815	14698	14341	7062	5394	5360	5374	15962	14804	14758	15189	15271	15039	14903	14241	7125	5438	5477	5480	14866	14893	15466	15456	15324	14975	14404	7194	5542	5485	5571	19192	16580	14774	14610	14559	14261	7047	5430	5471	5506	16565	14669	14648	14615	14245	7118	5420	5489	5496	15204	15171	14918	14480	7434	5623	5585	5590	15448	15120	14419	7294	5486	5465	5424	16025	15017	7641	5985	5891	5973	15562	7562	6574	6470	6420	6982	8763	6654	6680	5835	5721	5755	7001	6941	11767
13473	13248	13246	11998	11980	12779	13297	13139	13048	12490	6509	4467	4353	4426	13228	13305	12067	12049	12858	13105	13232	13041	12368	6594	4430	4364	4365	13198	11985	11928	12693	13317	13305	13177	12472	6553	4380	4446	4352	11960	11985	12671	13235	13256	13200	12379	6542	4445	4344	4302	13706	12726	11809	11830	11801	11360	6253	4335	4298	4306	12790	11998	11952	11925	11473	6395	4351	4400	4315	12771	12782	12781	12089	6484	4406	4364	4313	13250	13219	12530	6691	4482	4350	4299	13277	12577	6607	4492	4371	4425	12722	6728	4527	4462	4485	6493	5014	4694	4804	4159	4047	4092	4968	4999	8846
15147	12818	12555	11658	11724	12054	12016	11832	11589	11377	4461	3311	3423	3458	12765	12496	11686	11719	12092	12114	11827	11654	11350	4526	3335	3423	3446	12918	11875	11884	12275	12267	12088	11810	11507	4654	3459	3431	3483	11990	11998	12406	12568	12225	11996	11557	4875	3443	3599	3688	16562	13288	11961	11773	11528	11320	4477	3366	3296	3383	13168	11941	11733	11581	11330	4379	3334	3364	3355	12453	12172	11912	11448	4791	3447	3514	3502	12560	12224	11633	5145	3590	3693	3665	12927	11991	5164	3962	4111	3979	12326	4917	4269	4447	4536	4449	6349	4441	4461	3735	3782	3705	4510	4508	8321
13936	11716	11482	10641	10630	11008	11021	10750	10656	10347	4164	3161	3220	3208	11874	11524	10743	10614	11020	11017	10807	10659	10312	4279	3222	3284	3229	11800	10831	10809	11296	11314	10967	10797	10405	4373	3370	3265	3211	11011	11017	11438	11548	11156	11061	10522	4496	3442	3337	3377	15365	12133	10952	10784	10615	10220	4128	3205	3230	3274	12145	10985	10724	10653	10310	4110	3179	3249	3223	11316	11121	11003	10574	4475	3362	3323	3417	11477	11169	10679	4722	3472	3511	3529	11768	10951	4953	3833	3863	3810	11356	4575	4206	4261	4204	4162	6127	4111	4223	3628	3527	3530	4391	4322	7725
17288	15403	15080	14323	14367	14872	14166	14428	14532	14018	6481	5124	5096	4975	15434	15125	14353	14292	14921	14161	14499	14639	14064	6459	5078	5021	4918	15897	14032	14012	14498	14889	15082	14577	13861	6226	4894	4877	4771	14116	14129	14669	15127	15156	14720	13833	6315	4885	4880	4706	19103	16411	13704	13987	14163	14106	6946	5436	5472	5244	16497	13729	14041	14173	14129	6930	5404	5439	5292	14099	14433	14626	14386	7225	5583	5510	5424	15008	14378	13580	6203	4773	4773	4650	15657	14400	6706	5258	5327	5192	15140	6700	5777	5784	5687	6684	7791	6316	6217	5971	6039	5999	7192	7222	11938
11865	11574	11414	9917	9895	10755	11413	11344	11047	10250	6366	4386	4378	4350	11534	11458	9877	9979	10768	11452	11373	11219	10331	6282	4329	4350	4363	11815	9995	10053	10964	11686	11710	11453	10468	6392	4473	4415	4405	10069	10103	11015	11697	11753	11572	10479	6347	4452	4429	4445	12544	11032	10044	10052	9817	9248	5983	4296	4253	4268	11114	10080	9874	9808	9297	5987	4218	4241	4225	10873	10760	10698	10009	6239	4357	4289	4345	11810	11573	10546	6482	4331	4384	4455	11716	10687	6564	4520	4484	4525	10864	6547	4684	4613	4647	6366	5320	4902	4821	4116	4135	4099	5010	5001	8843
18567	16358	15819	14529	14612	15165	15086	14810	14557	13955	9317	7397	7384	7359	16322	15856	14556	14576	15164	15136	14848	14515	14052	9363	7381	7531	7521	16530	14832	14827	15518	15594	15153	14769	14224	9518	7678	7664	7621	15018	15080	15814	15815	15419	15099	14405	9878	7614	7714	7765	20412	16978	14914	14678	14395	13893	9242	7278	7370	7323	17036	14986	14743	14457	13945	9227	7366	7420	7374	15677	15274	14963	14294	9814	7673	7639	7683	15847	15378	14480	10245	7882	7877	7798	16314	15095	10560	8351	8551	8429	15733	10059	9082	9156	9020	9261	12097	9153	9226	7954	7989	7967	9347	9460	14874
15332	13268	12777	11948	12006	12513	11968	12081	12203	11566	5582	4401	4335	4322	13225	12803	11886	11879	12383	11923	12098	12052	11589	5601	4339	4329	4313	13694	11803	11810	12207	12618	12581	12245	11386	5475	4162	4180	4165	11829	11823	12473	12900	12685	12367	11481	5523	4322	4159	4248	17336	14294	11462	11671	11850	11454	5893	4527	4485	4533	14238	11499	11728	11764	11535	5893	4513	4473	4510	11902	12027	12181	11875	6267	4672	4776	4739	12711	12148	11280	5401	4100	4189	4109	13408	12045	5865	4629	4641	4591	13011	5903	5101	5204	5307	5594	7583	5654	5561	5235	5219	5131	6428	6539	11274
13747	11795	11456	10520	10533	10938	10939	10700	10524	10119	4761	3672	3768	3625	11797	11357	10550	10617	10977	11003	10746	10586	10133	4758	3650	3776	3663	11840	10747	10813	11103	11278	10898	10748	10238	4964	3772	3826	3763	10957	10871	11472	11534	11214	10893	10348	5176	3881	3936	3906	15271	12197	10819	10620	10495	10065	4712	3669	3719	3688	12155	10840	10650	10447	10028	4738	3701	3739	3629	11342	11042	10792	10373	5131	3929	3864	3787	11405	11043	10457	5414	3989	4044	3974	11816	10911	5587	4472	4386	4308	11338	5208	4791	4807	4768	4676	7046	4922	4791	4042	4125	4259	4965	4952	8797
18876	17152	16768	15890	15777	16225	16234	15988	15851	15424	7552	5600	5736	5671	17230	16763	15921	15858	16236	16288	16001	15897	15372	7488	5648	5708	5726	17161	15973	15957	16547	16461	16182	15927	15479	7621	5657	5773	5788	16209	16186	16767	16699	16339	16201	15590	7939	5811	5836	5929	20204	17587	16131	15903	15811	15302	7530	5552	5566	5628	17626	16116	15967	15783	15338	7524	5613	5595	5630	16544	16408	16166	15578	7885	5807	5870	5917	16727	16390	15747	8119	5899	5977	6024	17171	16241	8277	6335	6446	6510	16586	8030	6804	6797	6912	7314	9085	6845	6878	5921	5970	6067	7144	7167	11835
18720	16890	16403	15100	15176	15701	15592	15328	15112	14496	9630	7636	7673	7755	16773	16358	15118	15164	15610	15594	15291	15054	14489	9630	7681	7549	7638	16904	15323	15401	16004	16052	15617	15195	14668	9809	7851	7735	7744	15594	15734	16401	16295	15926	15619	14817	10193	7953	7986	8027	20532	17462	15473	15409	15059	14357	9612	7619	7667	7565	17477	15467	15352	15132	14494	9703	7618	7679	7609	16155	15859	15575	14821	10229	7947	7903	7888	16241	15871	14969	10317	8039	8003	8092	16870	15618	10694	8747	8614	8592	16238	10431	9241	9240	9152	9494	12289	9340	9356	8079	8276	8163	9634	9640	15012
17706	15551	15126	14014	13973	14478	14486	14136	13892	13476	7886	6165	6160	6257	15497	15097	14038	14020	14441	14443	14222	13992	13478	7941	6149	6289	6281	15619	14179	14191	14746	14722	14499	14261	13651	8232	6336	6391	6473	14493	14425	15067	15153	14610	14419	13790	8446	6453	6436	6526	19429	16205	14372	14129	13973	13459	7853	6165	6228	6228	16124	14358	14041	13930	13383	7797	6176	6236	6251	15045	14587	14361	13800	8365	6494	6490	6558	15115	14784	13981	8922	6590	6692	6689	15504	14450	9027	7128	7206	7209	14955	8630	7615	7586	7688	7828	10501	7776	7826	6655	6674	6735	7965	7959	13027
14450	14417	14360	13208	13311	13889	14356	14226	14254	13615	6585	4523	4576	4471	14163	14204	13100	13337	13857	14301	14285	14191	13633	6681	4494	4504	4465	14411	13215	13212	13858	14391	14539	14467	13722	6649	4431	4534	4396	13160	13201	13907	14506	14504	14409	13759	6647	4542	4545	4544	14648	13873	13196	13103	13118	12610	6551	4392	4447	4421	13935	13408	13302	13215	12767	6341	4412	4437	4470	13987	13982	13752	13377	6587	4531	4538	4455	14580	14368	13881	6579	4493	4556	4585	14407	13824	6588	4467	4591	4440	13968	6679	4553	4681	4494	6684	4949	4776	4732	4165	4208	4143	5077	5045	9074
14793	12456	11982	10694	10606	11229	11295	10941	10693	9996	6826	5208	5293	5406	12552	12072	10762	10774	11267	11287	10893	10680	10119	6862	5315	5375	5364	12527	10859	10917	11663	11585	11150	10861	10269	7128	5370	5501	5413	11163	11206	11927	12013	11507	11128	10454	7338	5567	5643	5646	16805	13007	11122	10765	10604	9981	6584	5217	5345	5289	13096	11218	10794	10594	10116	6744	5268	5368	5371	11874	11401	11108	10325	7284	5436	5611	5680	11873	11480	10635	7707	5739	5800	5715	12510	11187	7994	6365	6424	6548	12043	7545	6958	7016	7027	6759	10168	7118	7180	5927	5997	5974	7152	7262	12184
13918	13912	13697	12200	12176	13199	13573	13666	13516	12952	6382	4359	4343	4227	13820	13739	12231	12266	13244	13696	13539	13572	12830	6399	4306	4237	4267	13821	12105	12156	13051	13814	13858	13818	12887	6291	4367	4285	4260	12073	12108	13049	13939	13717	13825	13027	6289	4279	4341	4246	14342	13307	11987	12203	12141	11592	6287	4369	4294	4316	13200	12038	12085	12069	11735	6329	4339	4364	4281	13035	13201	13066	12489	6342	4366	4361	4259	13885	13698	12892	6305	4244	4321	4189	13859	12983	6402	4325	4336	4230	13114	6393	4421	4400	4335	6395	4998	4667	4605	4193	4145	4089	5113	5154	9248
14967	14449	14423	12781	12749	13716	14262	14344	14305	13331	6488	4783	4802	4766	14451	14420	12655	12692	13726	14194	14291	14226	13385	6495	4810	4776	4835	14766	12553	12660	13534	14710	14698	14472	13422	6394	4678	4700	4694	12558	12520	13404	14516	14518	14427	13375	6401	4664	4720	4716	15247	13867	12269	12410	12555	12185	6780	4797	5031	4829	13969	12268	12602	12655	12292	6641	4863	4934	4877	13337	13515	13574	13017	6765	4897	5002	4809	14598	14418	13311	6401	4702	4752	4650	14509	13526	6508	4732	4725	4714	14011	6649	4871	4924	4881	6744	5568	5240	5319	5020	5082	5094	6253	6138	10519
14617	12880	12291	11443	11492	11929	11839	11674	11415	11059	5164	3931	3890	3917	12841	12314	11460	11446	11939	11859	11647	11392	10940	5147	3828	3930	3997	12879	11653	11562	12124	12114	11818	11633	11143	5377	4060	3993	4042	11663	11657	12302	12401	12039	11846	11307	5576	4052	4160	4100	16331	13291	11798	11547	11453	10989	5109	3823	3900	3946	13246	11799	11526	11412	11030	5126	3806	3957	3926	12323	11924	11784	11243	5535	4122	4131	4168	12405	12065	11350	5652	4222	4297	4202	12787	11811	5936	4648	4663	4613	12311	5603	5035	5051	5009	5001	7350	5038	5157	4335	4431	4366	5317	5304	9354
12541	12378	12256	10647	10487	11468	12296	11978	12008	11060	6085	4212	4081	4193	12454	12223	10531	10659	11535	12219	12241	12098	10926	6201	4102	4054	4189	12668	10615	10547	11577	12386	12281	12308	11228	6131	4224	4123	4172	10602	10629	11549	12374	12388	12452	11014	6234	4171	4085	4183	13264	11737	10460	10430	10547	9929	5728	4085	3983	4051	11645	10497	10534	10523	9744	5804	4045	4047	4026	11605	11566	11408	10476	6060	4099	4069	4148	12675	12391	11069	6194	4213	4191	4190	12534	11293	6173	4398	4201	4219	11670	6180	4316	4260	4356	5998	5093	4543	4710	3835	3767	3896	4771	4853	8705
12623	12463	12209	10886	10774	11625	12157	12139	12137	11252	5215	3625	3695	3605	12440	12283	10819	10798	11775	12204	12148	12300	11394	5303	3689	3707	3672	12626	10762	10586	11648	12441	12465	12377	11290	5248	3706	3732	3575	10742	10546	11578	12408	12467	12367	11457	5245	3678	3661	3674	12844	11959	10637	10702	10651	10232	5280	3749	3780	3630	11786	10589	10674	10617	10358	5186	3742	3716	3609	11516	11628	11509	10995	5306	3679	3702	3593	12453	12418	11365	5243	3730	3821	3707	12467	11547	5375	3754	3694	3638	11778	5481	3819	3842	3735	5436	4289	4084	4052	3563	3550	3519	4500	4380	8073
13603	11919	11631	10760	10736	11142	11061	10919	10817	10357	4473	3402	3417	3458	11959	11648	10739	10750	11176	11130	10896	10799	10425	4460	3379	3483	3382	11950	10902	10864	11379	11346	11180	11007	10459	4618	3470	3550	3536	11141	11224	11634	11542	11333	11108	10561	4821	3554	3658	3649	15123	12304	11029	10825	10750	10345	4455	3359	3434	3389	12292	11058	10865	10733	10444	4494	3407	3449	3442	11546	11257	11120	10610	4748	3538	3627	3515	11600	11378	10744	5031	3624	3763	3757	11894	11133	5197	3976	4102	4005	11491	4981	4412	4481	4417	4372	6425	4539	4563	3727	3811	3724	4610	4642	8281
13534	13460	13471	12029	11953	12798	13253	13299	13223	12554	6269	4151	4053	4056	13615	13371	11912	11962	12887	13460	13277	13104	12504	6131	4165	4186	4062	13509	11932	12120	13022	13534	13524	13373	12567	6177	4107	4116	4132	12018	11980	12963	13566	13410	13302	12626	6108	4140	4118	4159	13877	12728	11816	11866	11833	11369	5853	4078	4035	3985	12901	11915	12016	11944	11387	6006	4067	4115	4037	12796	12845	12757	12276	6063	4112	4096	4050	13398	13337	12569	6168	4087	4199	4175	13477	12665	6188	4211	4124	4163	12849	6235	4260	4237	4166	6116	4799	4410	4323	3805	3873	3936	4614	4650	8550
17681	15358	14912	13693	13595	14250	14277	13924	13675	13222	7538	5873	5887	5939	15255	14874	13656	13716	14232	14264	13821	13568	13132	7475	5746	5868	5951	15434	13906	13945	14517	14527	14290	13856	13371	7756	6040	6070	6020	14076	14063	14897	14891	14436	14112	13418	8010	6094	6087	6198	19427	15886	14098	13817	13688	13149	7348	5786	5842	5811	15926	14076	13868	13618	13013	7366	5723	5790	5856	14778	14391	14068	13470	8002	6063	6091	6159	14876	14306	13686	8304	6340	6459	6407	15410	14181	8718	6803	6777	6808	14754	8153	7311	7373	7364	7374	10055	7457	7479	6207	6334	6344	7417	7616	12465
13415	13224	13334	12124	12030	12896	13120	13232	13180	12488	6061	4200	4183	4263	13592	13328	12069	12079	12842	13348	13235	13260	12613	6111	4268	4124	4222	13460	12073	11962	12826	13381	13368	13380	12681	6106	4188	4157	4213	12117	12125	12963	13452	13444	13495	12549	6156	4145	4183	4297	13727	12903	12014	12010	11940	11502	6035	4127	4276	4295	12867	11965	11912	12047	11502	5990	4148	4178	4207	12783	12809	12759	12330	6061	4182	4244	4179	13443	13405	12701	5994	4164	4179	4221	13370	12736	6090	4157	4266	4234	12833	6115	4235	4328	4331	6158	4713	4432	4491	3993	4121	4082	4932	4987	8747
14928	12673	12247	11003	10983	11560	11498	11197	10991	10423	6329	5026	4915	4969	12753	12198	10984	11070	11647	11537	11121	11079	10506	6483	4977	4885	4946	12866	11315	11253	11838	11774	11476	11223	10534	6477	5033	5054	5134	11533	11463	12293	12131	11730	11427	10842	6895	5274	5151	5235	17150	13434	11232	10933	10815	10346	6305	4924	4878	4926	13376	11255	11007	10864	10383	6319	4954	4878	5008	12033	11694	11409	10719	6755	5204	5284	5190	12096	11795	10918	7065	5373	5423	5327	12809	11340	7330	5883	5855	5973	12072	7022	6597	6464	6492	6230	9840	6651	6659	5619	5547	5526	6673	6799	12006
18070	16385	16008	15018	15098	15570	15375	15199	15068	14556	7732	5917	6036	6084	16339	16028	14981	15033	15528	15388	15233	15111	14546	7720	5935	5983	6062	16493	15163	15175	15704	15785	15526	15320	14639	7816	5893	6031	6047	15406	15352	15953	15966	15709	15532	14789	8068	5994	6164	6223	19809	16968	15103	15061	14946	14529	7769	6026	6007	6055	17097	15186	15051	14952	14523	7776	6015	6065	6101	15727	15568	15402	14867	8291	6266	6263	6463	15901	15632	14852	8127	6126	6113	6158	16524	15400	8442	6665	6723	6793	15949	8255	7175	7196	7274	7683	9632	7376	7358	6444	6364	6399	7800	7713	12578
17056	15427	15014	14092	14079	14559	14463	14202	13998	13546	7113	5362	5373	5370	15448	14982	14074	14114	14546	14342	14190	14048	13578	7144	5417	5399	5382	15402	14265	14263	14731	14772	14460	14240	13651	7195	5423	5381	5387	14402	14440	15002	14984	14711	14396	13796	7328	5607	5601	5568	18793	15907	14409	14199	13998	13569	7077	5407	5403	5328	15859	14316	14108	13922	13549	7094	5368	5423	5300	14936	14693	14434	13736	7460	5546	5721	5616	14959	14613	13973	7729	5668	5678	5709	15458	14427	8056	6079	6125	6161	14934	7639	6606	6597	6627	7102	9123	6847	6762	5763	5777	5733	6932	6978	11797
15478	13514	13178	12135	12184	12600	12442	12328	12109	11598	5943	4727	4680	4633	13524	13204	12150	12114	12592	12538	12281	12116	11534	5882	4615	4658	4602	13632	12262	12274	12783	12802	12550	12336	11677	6158	4783	4734	4738	12465	12447	13143	13085	12668	12408	11781	6298	4853	4801	4761	17308	14081	12340	12220	11963	11469	5877	4619	4606	4583	14118	12426	12147	11943	11459	5931	4574	4639	4491	12882	12582	12423	11786	6436	4902	4815	4848	13023	12653	11997	6496	5031	4964	4904	13513	12474	6793	5403	5434	5368	13055	6493	5972	5898	5877	5902	8707	6177	6098	5045	5130	5170	6238	6249	10935
16042	13969	13519	12016	12051	12668	12489	12292	12064	11444	7892	6337	6272	6285	13846	13360	11976	11988	12657	12505	12242	12021	11422	7841	6352	6249	6385	13888	12214	12238	12975	12908	12614	12292	11566	8066	6499	6241	6395	12558	12525	13332	13270	12883	12457	11675	8364	6599	6432	6523	18201	14684	12344	12089	11850	11305	7820	6244	6210	6392	14686	12329	12060	11894	11248	7771	6258	6165	6299	13099	12865	12436	11680	8489	6561	6647	6674	13180	12829	11840	8405	6600	6542	6693	13911	12485	9010	7221	7124	7313	13216	8608	7877	7947	8038	7691	11600	8164	8295	6948	6938	6909	8514	8449	13806
12921	10809	10237	9434	9471	9675	9645	9506	9337	9003	4725	3661	3669	3694	10699	10271	9400	9366	9695	9765	9542	9399	9011	4722	3738	3631	3675	10684	9567	9628	10031	10086	9651	9549	9044	4875	3808	3803	3828	9725	9779	10282	10259	9941	9700	9176	5006	3894	3785	3904	14620	11154	9558	9455	9208	8897	4579	3620	3572	3635	11090	9685	9395	9265	8920	4533	3599	3599	3576	10103	9951	9756	9152	4977	3847	3905	3978	10204	10003	9495	5339	4006	3954	4047	10764	9800	5599	4396	4375	4431	10237	5282	4881	4808	4890	4639	7315	4926	4940	4113	4123	4068	5053	5132	8903
18157	16373	15975	15041	15024	15464	15366	15260	15005	14711	6377	4914	4890	4879	16376	15949	15049	15103	15475	15404	15282	15002	14721	6353	4996	4796	4884	16462	15221	15144	15676	15728	15516	15234	14676	6535	4852	4976	4874	15332	15323	15963	16055	15634	15409	14790	6698	5051	4954	4990	19658	16774	15338	15113	15023	14677	6398	5010	4853	4907	16842	15199	15103	14985	14716	6369	4964	4904	4868	15696	15523	15435	14882	6722	5121	5035	5095	15897	15437	14893	6811	5042	5034	5051	16358	15458	7100	5587	5525	5513	15845	6862	6046	5935	6000	6307	8375	6184	6122	5208	5245	5226	6463	6446	11086
12842	11067	10598	9454	9373	9927	9780	9533	9329	8802	6047	4832	4876	4859	10912	10428	9395	9334	9924	9761	9539	9325	8786	6035	4837	4815	4801	11091	9610	9580	10126	10196	9771	9564	8961	6248	4940	4910	4904	9732	9646	10378	10485	10045	9712	9034	6513	5039	5063	5001	14943	11507	9562	9385	9226	8807	6139	4828	4847	4895	11657	9558	9330	9289	8704	6057	4854	4810	4864	10201	9865	9724	9008	6610	5045	5148	5130	10422	10058	9195	6642	5098	5136	5146	10882	9716	7008	5614	5692	5646	10356	6782	6347	6299	6416	6100	9456	6478	6511	5437	5447	5340	6658	6624	11331
15949	14064	13759	12787	12771	13200	13166	12929	12839	12365	6305	4818	4735	4782	14063	13699	12768	12847	13251	13231	12950	12774	12349	6288	4763	4691	4740	14188	12901	13008	13428	13548	13211	13011	12480	6559	4935	4797	4880	13151	13166	13816	13725	13396	13185	12583	6756	4968	4931	4997	17500	14517	13086	12950	12796	12281	6293	4776	4701	4711	14471	13127	12866	12788	12262	6302	4762	4733	4720	13721	13307	13136	12537	6802	5020	4882	4969	13717	13419	12756	7045	5200	5069	5147	14179	13169	7129	5602	5456	5484	13649	6907	5940	5915	5946	6174	8378	6011	6079	5099	5118	5121	6257	6229	10469
14988	12881	12434	11262	11322	11810	11821	11563	11300	10868	6855	5331	5390	5517	12849	12402	11268	11338	11874	11804	11506	11380	10816	6869	5376	5440	5519	12974	11553	11531	12158	12210	11757	11475	11040	7027	5513	5539	5606	11741	11665	12479	12495	12105	11827	11204	7328	5691	5713	5658	16766	13522	11654	11336	11275	10713	6669	5327	5366	5267	13451	11646	11292	11261	10683	6661	5307	5386	5299	12305	11996	11669	11035	7233	5643	5712	5650	12403	12021	11279	7706	5844	5835	5836	12978	11830	7972	6277	6365	6322	12330	7417	6789	6874	6883	6655	9550	6966	6966	5777	5824	5891	7010	7163	11713
18360	16368	15740	14477	14543	15093	14849	14682	14468	13849	9695	7889	7889	7927	16264	15738	14512	14554	15161	14979	14704	14429	13800	9693	7822	7930	7810	16386	14644	14728	15420	15344	15003	14632	13964	10013	7899	8017	8006	14951	14934	15686	15754	15261	15029	14144	10236	8003	8277	8182	20273	17083	14813	14574	14419	13732	9847	7860	7986	7938	17081	14701	14550	14332	13797	9830	7883	7983	7940	15456	15213	14984	14194	10472	8245	8343	8209	15653	15230	14219	10390	8147	8243	8105	16460	14841	10764	8900	8889	8834	15687	10572	9627	9738	9637	9686	12874	9953	9761	8558	8550	8486	10069	10029	15699
13349	12958	13013	11267	11316	12197	12766	12704	12666	11752	6187	4541	4572	4630	13003	12944	11216	11197	12174	12905	12863	12754	11738	6353	4541	4584	4508	13241	11224	11275	12262	13297	13259	13062	11923	6230	4582	4557	4522	11251	11325	12202	13323	13237	13088	11835	6296	4519	4596	4561	13872	12477	11192	11122	11277	10488	6218	4562	4551	4520	12530	11158	11269	11125	10611	6180	4523	4548	4548	12224	12210	12082	11289	6387	4582	4600	4574	13241	13003	11880	6244	4523	4546	4524	13219	11957	6321	4578	4581	4604	12469	6327	4686	4758	4677	6407	5515	5203	4999	4453	4460	4438	5387	5426	9444
16346	14465	13925	12959	12859	13462	13177	13078	12869	12487	6736	5210	5215	5277	14407	13835	12900	12896	13363	13227	13071	12901	12431	6746	5210	5233	5256	14422	13032	12984	13555	13608	13480	13113	12463	6847	5201	5273	5261	13183	13209	13955	13901	13643	13317	12617	7007	5352	5336	5477	18142	15060	13053	12947	12861	12325	6725	5190	5218	5369	15062	13095	12882	12787	12419	6686	5217	5267	5325	13612	13416	13304	12689	7206	5499	5527	5539	14006	13488	12717	7165	5455	5443	5459	14454	13296	7582	6003	6022	5939	14067	7385	6488	6553	6544	6675	9241	6775	6753	5858	5827	5784	6929	7012	11880
15389	13764	13389	12782	12809	13045	13058	12827	12680	12391	5124	3775	3803	3864	13877	13470	12688	12756	13102	13077	12874	12685	12320	5115	3767	3782	3796	13832	12846	12903	13180	13382	13118	12912	12464	5202	3932	3888	3852	13040	12991	13482	13573	13256	12993	12601	5390	3953	4040	3967	16865	14117	13015	12799	12648	12368	5124	3842	3831	3745	14181	12977	12792	12660	12393	5062	3825	3857	3789	13415	13128	12985	12495	5422	4037	4012	4050	13512	13218	12723	5643	4129	4074	4126	13830	13019	5843	4432	4326	4333	13326	5498	4714	4728	4754	5099	6739	4771	4881	4119	4076	3988	5027	4989	8828
15638	13149	12840	11867	11853	12262	12321	12064	11949	11363	5254	4080	3990	4037	13237	12895	11829	11885	12244	12181	12038	11833	11422	5288	4099	4023	4031	13369	12021	12134	12578	12437	12285	12037	11538	5554	4210	4171	4112	12245	12218	12796	12931	12504	12191	11627	5694	4262	4254	4221	17405	13755	12160	11908	11760	11348	5178	3977	4057	4015	13652	12218	11881	11764	11378	5246	3997	4039	3942	12756	12428	12208	11718	5691	4251	4168	4266	12832	12487	11797	5874	4393	4411	4269	13258	12163	6158	4742	4824	4762	12666	5826	5262	5278	5258	5140	7890	5341	5283	4440	4400	4308	5393	5404	9719
13309	11034	10584	9481	9428	9952	9888	9688	9529	8847	6235	4836	5000	4932	10994	10685	9371	9342	9992	9844	9624	9494	8803	6157	4826	4910	4973	11063	9636	9561	10255	10184	9896	9630	9094	6351	5046	5083	4995	9838	9827	10665	10623	10155	9904	9155	6638	5078	5211	5160	15212	11586	9775	9510	9363	8795	6158	4814	4812	4847	11700	9780	9497	9290	8744	6108	4810	4957	4868	10537	10071	9845	9153	6605	5132	5105	5108	10504	10163	9218	7005	5201	5447	5305	11173	9869	7305	5763	5906	5821	10414	6886	6357	6495	6546	6007	9481	6604	6537	5336	5431	5414	6585	6603	11125
11857	11444	11222	9577	9565	10457	11326	11179	10912	9933	6099	4178	4168	4190	11375	11300	9638	9569	10568	11079	11123	11107	9949	6191	4133	4212	4191	11602	9810	9727	10870	11673	11481	11462	10159	6192	4279	4195	4215	9666	9729	10811	11548	11530	11253	10280	6197	4266	4325	4241	12376	10996	9871	9769	9491	8969	5726	4073	4082	4199	10792	9800	9559	9374	8880	5829	4081	4165	4088	10710	10657	10407	9651	6046	4093	4158	4145	11642	11493	10273	6297	4221	4263	4263	11553	10411	6249	4353	4305	4282	10861	6270	4502	4402	4498	6076	5243	4750	4723	3971	3903	3985	4797	4821	8695
13446	11942	11449	10713	10764	11142	11014	10872	10686	10343	4707	3595	3572	3576	11825	11552	10764	10770	11108	11046	10937	10665	10303	4749	3583	3537	3598	11881	10784	10902	11276	11273	11058	10823	10290	4737	3655	3577	3560	10934	11010	11455	11440	11250	10981	10514	4917	3722	3707	3713	15039	12262	10807	10730	10563	10198	4695	3483	3511	3541	12312	10866	10678	10645	10231	4688	3603	3505	3564	11354	11107	10832	10521	4993	3781	3697	3680	11446	11119	10531	5088	3811	3696	3763	11859	10955	5382	4225	4225	4166	11403	5111	4534	4580	4674	4554	6672	4675	4691	3987	3931	3924	4841	4885	8729
10969	10791	10797	9431	9389	10138	10711	10718	10592	9818	5526	3805	3810	3656	10848	10705	9300	9374	10115	10619	10472	10534	9794	5419	3832	3776	3744	10900	9325	9352	10240	10821	10844	10665	10055	5561	3844	3748	3773	9331	9388	10280	10988	10927	10867	9982	5463	3818	3844	3727	11385	10319	9421	9430	9285	8805	5267	3691	3638	3635	10247	9299	9408	9286	8941	5162	3725	3583	3658	10233	10142	10007	9460	5339	3770	3661	3752	10899	10668	10012	5481	3839	3744	3795	10945	10113	5498	3885	3840	3844	10206	5654	3953	3895	3904	5434	4532	4126	4159	3421	3414	3483	4183	4291	7625
11246	10859	10845	9080	9265	10077	10633	10508	10396	9432	6042	4087	4110	4141	10827	10733	9042	9040	10004	10543	10265	10247	9332	6088	4096	4136	4078	11059	9320	9292	10178	11024	10839	10737	9694	6096	4148	4178	4125	9178	9185	10229	11098	10901	10712	9644	6158	4206	4221	4116	11823	10371	9130	9099	9070	8467	5663	3994	4010	4072	10503	9025	9126	9041	8366	5798	4012	4120	4035	10156	9996	9955	9159	6030	4087	4151	4128	10895	10796	9637	6136	4290	4212	4155	10868	9771	6293	4259	4274	4293	10123	6282	4396	4524	4344	6053	5379	4822	4684	3979	3914	3883	4855	4863	8561
12965	12619	12682	10683	10769	11651	12311	12197	12050	11137	6955	4915	4909	5001	12524	12542	10574	10593	11789	12226	12072	12062	11008	7068	5019	4918	4963	12747	10842	10774	11889	12608	12583	12375	11334	7097	4979	5053	4994	10787	10806	11875	12744	12718	12577	11312	7161	4998	4970	4926	13523	12088	10767	10595	10427	9865	6663	4808	4820	4843	11921	10731	10609	10569	9962	6655	4781	4845	4773	11836	11631	11489	10719	6956	4892	4895	4862	12707	12441	11284	7102	5034	4945	5011	12628	11459	7104	5034	5061	5089	11810	7167	5257	5185	5221	6909	6210	5629	5620	4668	4621	4742	5616	5731	9790
13577	11048	10611	9426	9409	9874	9917	9713	9556	8793	5655	4340	4418	4430	11134	10632	9437	9398	9958	9930	9593	9575	8896	5692	4360	4435	4346	11108	9655	9728	10179	10233	9976	9747	9106	5818	4555	4521	4535	9983	9930	10607	10614	10138	9895	9170	6121	4645	4688	4728	15643	11766	9833	9502	9203	8708	5606	4233	4459	4382	11724	9699	9460	9277	8673	5550	4284	4368	4316	10497	10191	9862	9029	6061	4662	4709	4733	10526	10114	9350	6359	4806	4848	4820	11083	9847	6637	5301	5328	5334	10479	6302	5849	5890	5998	5473	9007	6009	6007	4991	4996	4961	6188	6088	10801
12307	12238	12172	10949	11040	11626	12115	12117	11905	11171	5582	3868	3901	3716	12317	12163	10896	10736	11675	12094	12085	12004	11342	5642	3835	3787	3796	12340	10844	10856	11835	12225	12281	12245	11359	5641	3809	3874	3783	10784	10804	11693	12090	12256	12153	11432	5688	3771	3890	3871	12469	11639	10878	10774	10686	10356	5420	3801	3786	3728	11576	10767	10782	10628	10265	5388	3705	3774	3726	11692	11698	11587	10946	5436	3781	3837	3862	12172	12146	11408	5599	3778	3835	3824	12065	11551	5745	3802	3840	3783	11617	5762	3868	4014	3863	5455	4350	4096	4090	3388	3465	3542	4382	4227	7804
14375	12565	12318	11463	11378	11744	11645	11550	11420	10996	5762	4510	4431	4527	12715	12279	11367	11439	11823	11650	11597	11448	10951	5776	4462	4506	4519	12767	11559	11562	12048	12046	11706	11619	10967	5905	4602	4487	4532	11704	11648	12279	12221	11996	11680	11086	6040	4660	4669	4541	15953	13269	11534	11321	11275	10891	5816	4522	4508	4617	13196	11521	11316	11228	10917	5848	4563	4505	4486	12124	11794	11636	11154	6211	4712	4730	4745	12313	11867	11217	6162	4717	4706	4679	12751	11735	6604	5115	5082	5125	12287	6344	5759	5745	5774	5760	8046	5819	5774	4961	5026	5106	6125	5984	10360
14865	14684	14480	12951	13057	14002	14525	14599	14397	13780	5703	4162	4245	4247	14619	14556	13229	13193	14069	14475	14464	14498	13769	5823	4151	4208	4248	14839	12853	12817	13722	14727	14818	14689	13691	5597	4158	4115	4108	12855	12808	13726	14704	14858	14672	13593	5706	4157	4218	4155	15030	14163	12701	12857	12903	12623	5718	4290	4277	4401	14175	12724	12675	12789	12627	5847	4201	4289	4373	13629	13726	13959	13574	5904	4265	4232	4363	14734	14501	13716	5644	4118	4169	4206	14695	13791	5674	4179	4155	4172	13980	5765	4179	4203	4258	5885	4635	4443	4466	4620	4539	4489	5585	5586	9823
16460	15036	14849	14112	14158	14381	14190	14188	14131	13819	5116	3896	3875	3793	15045	14889	14042	14115	14451	14314	14191	14071	13792	5157	3898	3830	3862	15163	14169	14103	14540	14541	14426	14203	13789	5121	3865	3852	3897	14266	14215	14706	14768	14594	14351	13882	5335	3884	3884	3801	17821	15532	14077	14087	14017	13764	5244	3842	3938	3915	15609	14026	14137	14015	13743	5226	3953	3869	3920	14418	14341	14263	13970	5594	4085	4084	4033	14657	14420	13900	5329	3895	3895	3897	15144	14283	5591	4325	4222	4215	14768	5563	4677	4646	4616	5015	6443	4809	4806	4198	4197	4225	5126	5115	9107
13390	13224	13188	12304	12160	12745	13250	13215	13168	12549	6092	4247	4213	4229	13357	13229	12183	12207	12817	13224	13267	13218	12639	6226	4184	4212	4220	13238	12264	12048	12767	13269	13303	13138	12645	6127	4313	4266	4183	12090	12043	12817	13210	13365	13236	12626	6116	4241	4265	4201	13550	12866	12170	12146	12078	11695	5996	4216	4191	4146	12792	12144	12158	12114	11826	6060	4230	4135	4170	12802	12826	12773	12279	6079	4201	4177	4253	13251	13191	12803	6201	4294	4240	4133	13289	12723	6256	4217	4257	4203	12934	6131	4285	4326	4230	6235	4715	4462	4518	3935	3859	3872	4789	4792	8507
14997	12766	12408	11233	11179	11655	11636	11394	11234	10646	6432	4872	4967	4944	12711	12315	11275	11191	11631	11620	11379	11286	10683	6347	4899	4925	4943	12733	11324	11298	11877	11941	11671	11394	10808	6699	4947	4979	4934	11582	11627	12316	12205	11876	11489	10918	6866	5097	5155	5037	16636	13158	11539	11266	10989	10644	6317	4902	4864	4874	13111	11498	11219	10948	10674	6278	4832	4809	4893	12034	11741	11363	10892	6799	5133	5105	5120	12217	11741	11090	7141	5267	5289	5259	12649	11578	7388	5703	5799	5749	12171	6925	6272	6222	6283	6175	8915	6266	6331	5344	5367	5435	6486	6471	10862
13572	13499	13558	12605	12628	13178	13431	13580	13647	13021	5990	3960	3957	4145	13591	13520	12680	12555	13164	13501	13564	13541	12851	5974	3946	4043	4165	13615	12685	12457	13223	13664	13737	13534	13086	6073	3942	3982	4095	12630	12704	13169	13649	13675	13571	13019	6064	3944	4088	4180	13988	13221	12602	12746	12719	12219	5841	3897	3975	3979	13250	12561	12589	12594	12274	5898	3916	3985	4107	13269	13275	13233	12807	5884	3963	3983	4134	13643	13396	13100	6025	3943	4061	4104	13651	13173	6105	3917	4119	4148	13173	6050	3952	4108	4129	6049	4223	4270	4227	3681	3659	3651	4408	4515	8077
14055	13950	13908	12735	12802	13569	13936	13751	13853	13203	6141	4076	4111	4039	13917	13891	12794	12783	13393	13925	13789	13833	13364	6119	4051	4016	4079	13889	12736	12700	13458	14015	13803	13786	13286	5951	4064	4029	3995	12740	12830	13508	14099	14107	13904	13412	6064	4078	4063	4038	14163	13500	12602	12761	12690	12465	5979	4075	3930	4008	13342	12696	12815	12693	12469	5964	4040	3997	4037	13518	13594	13466	13041	6053	4033	3963	3984	14114	13863	13416	6110	4114	4086	4097	13880	13496	6141	4070	4116	4064	13479	6154	4138	4147	4139	6063	4494	4254	4294	3732	3684	3698	4578	4627	8402
12527	12367	12384	11104	11063	11854	12412	12303	12242	11654	5534	3669	3583	3617	12450	12339	11157	11225	11991	12286	12390	12255	11570	5497	3728	3691	3579	12473	11142	11120	11876	12388	12488	12385	11685	5608	3722	3664	3587	11153	11225	11924	12385	12589	12412	11702	5534	3687	3707	3610	12641	11964	11043	11223	11141	10740	5378	3583	3580	3555	11991	11116	11256	11068	10708	5423	3664	3532	3682	11864	11986	11913	11340	5524	3649	3579	3681	12518	12343	11750	5539	3722	3616	3563	12536	11837	5679	3707	3619	3626	12039	5612	3695	3687	3654	5560	4142	3921	3863	3329	3310	3415	4131	4228	7716
15242	12995	12441	11195	11159	11808	11591	11357	11180	10549	7261	5753	5716	5699	12897	12447	11233	11240	11786	11744	11498	11203	10581	7288	5751	5759	5665	12981	11390	11422	12073	12018	11729	11477	10777	7584	5871	5917	5945	11695	11712	12455	12580	11895	11607	10941	7850	6002	6055	6031	17012	13544	11543	11205	11043	10439	7133	5663	5706	5594	13451	11542	11301	11083	10502	7181	5620	5626	5667	12382	11921	11523	10880	7765	5963	5949	6003	12373	11953	11095	8247	6176	6138	6267	12939	11660	8409	6679	6665	6603	12216	7976	7338	7274	7300	7126	10376	7498	7557	6348	6230	6265	7719	7598	12564
14118	13950	13851	12875	12975	13536	13830	13923	13798	13403	6571	4442	4458	4411	14095	13830	13007	13080	13673	13992	13980	13882	13414	6551	4440	4460	4394	14069	12981	13109	13650	14105	14131	13967	13443	6509	4437	4516	4465	12792	12947	13625	14009	14106	13971	13518	6562	4497	4490	4384	14224	13590	12989	12887	12988	12478	6464	4430	4430	4396	13588	12881	12993	12927	12570	6399	4402	4518	4427	13647	13638	13653	13036	6391	4462	4485	4410	13963	13994	13410	6564	4519	4551	4476	14019	13440	6494	4439	4527	4464	13637	6586	4532	4569	4474	6632	4772	4760	4672	4183	4136	4106	4947	4976	8813
18466	15996	15560	14403	14380	14881	14945	14737	14485	13999	7078	5437	5439	5397	15930	15520	14352	14341	14897	14871	14715	14492	14021	7037	5469	5339	5419	16099	14683	14659	15306	15225	15052	14702	14138	7259	5539	5527	5479	14842	14803	15569	15472	15170	14849	14189	7469	5631	5738	5732	20205	16487	14780	14602	14462	13972	6878	5435	5450	5404	16418	14831	14518	14373	13901	6872	5352	5417	5394	15417	15085	14851	14203	7497	5665	5621	5681	15425	15133	14369	7749	5830	5807	5767	15958	14906	8048	6219	6254	6314	15425	7735	6781	6782	6814	6975	9353	6837	6794	5773	5705	5836	6999	6900	11901
14262	14109	13901	12246	12182	13136	13692	13595	13617	12549	7969	5554	5499	5545	14076	14154	12244	12324	13239	13835	13731	13615	12624	7932	5517	5433	5501	14214	12369	12327	13501	14175	14042	14064	12950	7884	5508	5465	5558	12330	12318	13394	14058	14092	13834	12895	7948	5611	5468	5524	14652	13371	12196	12262	12102	11436	7603	5401	5318	5365	13332	12138	12252	12144	11441	7524	5393	5385	5303	13215	13233	13144	12308	7851	5522	5454	5439	14034	13934	12824	8049	5564	5533	5567	14077	12900	8018	5567	5613	5653	13281	8016	5735	5675	5759	7861	6619	6109	6163	5180	5277	5133	6121	6266	10642
16447	14327	13824	12456	12579	13120	12903	12754	12543	11863	8454	6762	6679	6753	14312	13841	12398	12505	13193	12923	12797	12535	11856	8369	6801	6717	6742	14442	12626	12622	13404	13401	13122	12800	12049	8499	6752	6734	6762	12974	12920	13743	13669	13422	13099	12070	8699	6900	6883	6851	18329	15168	12587	12538	12404	11889	8492	6816	6927	6835	15139	12647	12595	12344	11834	8468	6788	6856	6782	13327	13174	12914	12252	9101	7114	7109	7075	13788	13178	12264	8911	6914	6905	6891	14411	13036	9358	7628	7607	7728	13773	9266	8388	8435	8441	8360	11766	8663	8649	7430	7550	7577	8994	9075	14352
14800	14626	14680	13111	13048	14117	14603	14597	14408	13653	7224	5018	4976	4950	14565	14609	13116	13175	13895	14452	14479	14429	13594	7182	4976	4926	4949	14747	13092	13131	14172	14781	14669	14578	13987	7138	4911	4962	5003	13140	13137	14057	14756	14685	14551	13863	7155	4950	4934	4988	14946	13934	13077	13159	13203	12574	6827	4894	4893	4872	14238	13193	13009	12908	12472	6970	4921	4916	4945	13851	13941	14082	13398	7158	5000	4961	4940	14773	14735	13737	7263	4968	4970	5051	14642	13868	7238	4979	5016	4950	14159	7306	5109	5095	5066	7182	5689	5331	5412	4455	4520	4518	5552	5456	9717
