1-2	1-3	1-4	1-5	1-6	1-7	1-8	1-9	1-10	1-11	1-12	1-13	1-14	1-15	2-3	2-4	2-5	2-6	2-7	2-8	2-9	2-10	2-11	2-12	2-13	2-14	2-15	3-4	3-5	3-6	3-7	3-8	3-9	3-10	3-11	3-12	3-13	3-14	3-15	4-5	4-6	4-7	4-8	4-9	4-10	4-11	4-12	4-13	4-14	4-15	5-6	5-7	5-8	5-9	5-10	5-11	5-12	5-13	5-14	5-15	6-7	6-8	6-9	6-10	6-11	6-12	6-13	6-14	6-15	7-8	7-9	7-10	7-11	7-12	7-13	7-14	7-15	8-9	8-10	8-11	8-12	8-13	8-14	8-15	9-10	9-11	9-12	9-13	9-14	9-15	10-11	10-12	10-13	10-14	10-15	11-12	11-13	11-14	11-15	12-13	12-14	12-15	13-14	13-15	14-15
11969	12020	11982	10976	10939	11489	11917	11877	11867	11422	5013	3378	3466	3493	11978	11818	10922	10956	11558	11885	11908	11897	11532	4903	3380	3467	3421	12189	10977	11008	11668	12076	12076	12011	11327	4898	3436	3454	3444	10861	10982	11532	12007	12094	12062	11530	4950	3330	3436	3434	12281	11533	11002	10908	11026	10634	4924	3403	3448	3415	11485	11000	11058	10942	10596	5009	3397	3380	3462	11608	11664	11569	11135	5043	3302	3437	3480	12007	12013	11454	4990	3400	3413	3400	11943	11468	5051	3377	3472	3483	11652	4997	3387	3394	3413	5017	3717	3573	3604	3226	3283	3242	3993	3956	7213
14650	12683	12382	11565	11581	11886	11893	11704	11475	11132	4731	3666	3539	3591	12732	12342	11549	11413	11983	11906	11708	11441	11174	4761	3641	3614	3619	12819	11629	11703	12110	12068	11841	11739	11294	4876	3819	3673	3715	11773	11813	12372	12324	12029	11797	11385	5077	3818	3718	3766	15951	12982	11776	11548	11402	11136	4659	3554	3539	3588	13030	11715	11586	11476	11129	4648	3674	3656	3531	12305	12032	11816	11350	5065	3842	3803	3785	12347	12046	11519	5423	3990	3898	3970	12668	11826	5468	4255	4253	4244	12271	5304	4702	4630	4604	4724	6724	4753	4684	3989	3948	4003	4855	4875	8685
15895	13980	13663	12869	12853	13262	12918	12963	12875	12507	5230	4037	4045	4028	14041	13646	12860	12836	13273	12957	12965	12937	12498	5121	4030	4033	4073	14224	12786	12808	13207	13193	13262	13007	12462	5100	4028	4093	3976	12866	12844	13386	13789	13561	13180	12522	5324	3970	4038	4041	17829	14895	12583	12734	12669	12447	5404	4216	4123	4098	14955	12550	12750	12698	12477	5425	4184	4172	4118	13007	12950	13041	12725	5899	4288	4380	4353	13606	13089	12419	5231	3958	3950	3915	14214	12916	5537	4368	4348	4475	13608	5484	4932	4927	4882	5246	7137	5237	5205	4723	4625	4784	5765	5878	10191
13414	13129	12882	11492	11479	12555	12899	12989	12857	11793	6574	4618	4589	4527	13121	13133	11541	11301	12529	12948	13037	12799	11691	6543	4583	4533	4544	13390	11444	11336	12560	13184	13162	13176	12093	6685	4583	4484	4431	11423	11392	12528	13386	13263	13153	11993	6674	4570	4501	4542	13844	12457	11285	11338	11250	10727	6292	4503	4508	4552	12440	11392	11336	11306	10626	6292	4458	4543	4401	12404	12529	12332	11546	6600	4577	4532	4448	13315	13233	12149	6672	4552	4509	4525	13273	12132	6742	4676	4567	4654	12381	6763	4666	4701	4645	6596	5451	4991	4986	4173	4168	4210	5192	5159	9374
17380	15846	15600	14784	14813	15171	15132	14971	14783	14488	5506	4102	4045	4140	15806	15449	14821	14797	15142	15109	14943	14795	14491	5503	4106	4101	4072	15967	14947	14938	15374	15411	15211	14930	14514	5658	4131	4155	4170	15071	15075	15537	15632	15348	15100	14635	5805	4249	4200	4203	18752	16098	15001	14847	14712	14393	5478	4033	4132	4219	16111	15078	14812	14727	14421	5466	4090	4164	4098	15475	15194	15002	14633	5875	4182	4320	4295	15514	15297	14827	6023	4318	4349	4296	15814	15060	6184	4536	4678	4622	15508	5957	5034	4970	5043	5484	6841	5018	4971	4397	4305	4309	5147	5184	9279
15937	13975	13432	12075	12101	12683	12466	12208	11999	11524	8172	6617	6597	6582	13852	13439	12115	12143	12735	12591	12281	12130	11549	8131	6645	6519	6411	14051	12226	12286	12919	12889	12515	12349	11587	8439	6728	6687	6593	12415	12420	13235	13336	12872	12542	11762	8686	6914	6823	6731	17946	14525	12236	12016	11910	11312	8082	6543	6523	6348	14605	12277	12018	11962	11358	8122	6632	6560	6537	13121	12816	12498	11791	8806	6972	6812	6784	13282	12767	11900	8871	6909	6915	6833	13844	12537	9262	7651	7574	7448	13352	8988	8319	8313	8201	8103	11622	8451	8322	7251	7329	7233	8723	8710	13922
15992	13788	13288	12272	12251	12808	12083	12472	12469	11764	7209	5654	5813	5668	13712	13205	12202	12245	12815	12056	12391	12479	11824	7223	5711	5719	5698	14129	11958	11929	12541	12855	13012	12487	11628	6962	5504	5581	5549	11950	11982	12769	13277	13159	12730	11653	7005	5526	5572	5613	17751	14851	11507	11851	12013	11787	7584	6042	6103	6006	14893	11446	11862	12000	11804	7609	6096	6118	6042	12049	12365	12641	12131	8010	6255	6279	6356	13091	12312	11448	6808	5406	5392	5333	13965	12436	7465	6053	6056	5994	13268	7612	6796	6695	6708	7394	9408	7299	7284	7007	7019	6959	8424	8330	13511
13917	11836	11433	10556	10596	10925	10509	10627	10522	9940	5749	4693	4568	4553	11848	11505	10513	10555	10961	10468	10630	10529	9969	5736	4678	4549	4516	12144	10267	10258	10835	11067	11033	10717	9917	5603	4531	4582	4521	10480	10357	11035	11514	11134	10798	10007	5652	4659	4558	4575	15716	12801	10056	10247	10288	9952	5991	4737	4778	4796	12819	10041	10284	10240	9923	6048	4757	4833	4852	10662	10778	10693	10263	6428	5020	4978	5035	11285	10815	9846	5641	4512	4475	4509	12058	10503	6068	5110	4961	5028	11353	6154	5671	5671	5641	5816	8305	6185	6116	5592	5464	5538	6648	6657	11267
14387	14128	14191	12567	12608	13437	14072	13952	14015	13020	7067	4927	4708	4650	14111	14069	12617	12497	13542	14092	13961	13866	13157	7001	4769	4730	4815	14210	12741	12478	13586	14220	14284	14060	13092	7048	4781	4777	4716	12612	12460	13625	14333	14195	14156	13111	7153	4802	4775	4670	14762	13703	12644	12513	12415	11969	6796	4659	4591	4621	13545	12588	12345	12362	11864	6763	4742	4624	4555	13559	13466	13459	12682	7018	4775	4687	4675	14152	14239	13188	7219	4768	4829	4714	14308	13304	7186	4795	4809	4697	13513	7097	4961	4830	4922	7134	5618	5266	5227	4434	4391	4351	5367	5480	9504
12665	12407	12549	11191	11233	11934	12575	12445	12202	11777	5742	3884	3909	3928	12510	12496	11104	11191	11932	12450	12264	12328	11644	5645	3811	3870	3865	12601	11099	11295	12078	12598	12627	12354	11718	5755	3828	3897	3779	11168	11166	12004	12574	12560	12361	11878	5653	3854	3914	3867	12924	12071	11220	11086	11058	10634	5449	3693	3786	3820	11912	11232	11028	11055	10782	5565	3709	3887	3770	12139	11897	11900	11328	5584	3766	3743	3871	12553	12637	11890	5655	3820	3894	3972	12461	11811	5761	3866	3855	3816	11937	5662	3901	3906	3985	5706	4257	4156	4182	3589	3548	3543	4266	4352	7828
14134	12192	11822	10766	10861	11377	11075	11016	10752	10296	6544	5130	5037	5096	12265	11807	10744	10837	11365	11092	11025	10896	10249	6596	5111	5060	5133	12297	10890	10853	11500	11585	11337	11020	10374	6542	5150	5152	5083	10999	11128	11733	11830	11482	11167	10501	6765	5192	5135	5181	15936	13029	10778	10699	10625	10285	6609	5188	5165	5107	12980	10669	10699	10613	10206	6509	5112	5203	5122	11426	11278	11114	10659	7080	5479	5503	5482	11667	11397	10463	6794	5204	5151	5179	12447	11270	7322	5921	5807	5725	11841	7038	6392	6453	6345	6471	9347	6694	6699	5791	5806	5856	7067	6997	11728
13823	11963	11593	10344	10403	10874	10764	10527	10365	9726	7081	5666	5695	5721	12007	11481	10255	10297	10983	10781	10564	10356	9648	7024	5686	5703	5640	11938	10489	10497	11181	11096	10858	10513	9855	7204	5791	5680	5705	10785	10712	11495	11380	11098	10824	9932	7544	5907	5830	5880	15990	12745	10536	10333	10143	9790	6948	5703	5647	5609	12694	10593	10321	10197	9783	6963	5711	5732	5621	11285	10963	10786	10079	7613	5905	5984	5986	11354	10970	10073	7602	5843	5866	5969	11969	10700	8084	6635	6586	6616	11449	7754	7252	7363	7404	6827	10509	7364	7437	6154	6317	6412	7531	7579	12455
17091	14997	14724	13707	13711	14188	14122	13885	13681	13263	6215	4687	4764	4799	14978	14715	13781	13776	14245	14120	13888	13691	13288	6244	4790	4750	4737	15075	13904	13907	14452	14469	14121	13995	13404	6396	4819	4830	4815	14201	14181	14813	14722	14302	14076	13686	6568	5030	4904	4969	18621	15522	14053	13872	13645	13293	6191	4724	4712	4686	15515	14073	13873	13714	13269	6170	4739	4688	4742	14645	14249	14139	13526	6678	4970	4978	5004	14601	14349	13711	6951	5081	5025	5110	15050	14179	7073	5472	5389	5462	14641	6825	5866	5842	5851	6165	8210	5977	5953	5027	4962	4998	6159	6157	10656
15912	13978	13553	12572	12606	13083	12732	12711	12686	12073	6454	4998	5202	5135	14008	13682	12608	12551	13081	12743	12803	12682	12063	6504	4992	5177	5081	14260	12552	12598	13174	13262	13113	12876	12111	6494	4968	5080	5069	12654	12672	13472	13536	13220	12940	12250	6499	5032	5136	5095	17784	14614	12490	12400	12473	11998	6598	5044	5069	5102	14693	12471	12426	12384	12085	6517	5093	5117	5107	13083	12969	12990	12366	7072	5430	5383	5339	13395	13109	12203	6629	5084	5046	5116	14152	12863	7140	5533	5574	5585	13510	7095	6137	6258	6240	6513	8918	6572	6490	5680	5800	5789	7013	6940	11826
12736	12301	12236	10385	10280	11409	12081	11896	11751	10732	7097	5022	4940	4953	12411	12141	10395	10330	11487	11828	11909	11665	10677	7011	5000	4895	5034	12453	10587	10530	11609	12309	12438	12127	10944	7126	5061	4955	5002	10560	10521	11573	12417	12318	12060	10876	7165	5068	5003	5106	13303	11844	10441	10436	10334	9614	6672	4884	4869	4855	11712	10425	10323	10235	9601	6574	4953	4893	4841	11618	11445	11364	10282	6922	4944	4940	4970	12559	12205	10892	7250	5051	5016	5034	12321	11016	7445	5144	5083	5101	11525	7265	5299	5286	5381	6979	6369	5719	5792	4778	4672	4716	5744	5748	9960
16117	13648	13158	11686	11633	12334	12269	11931	11796	11121	8738	7062	7120	7166	13718	13078	11646	11602	12310	12379	11922	11712	11064	8721	7174	7117	7202	13787	11908	11979	12770	12688	12254	11943	11207	9062	7277	7303	7348	12272	12388	13270	13144	12682	12255	11270	9280	7406	7379	7429	18196	14437	12072	11789	11620	10934	8642	7011	7079	7205	14477	12219	11772	11551	10915	8813	7001	7037	7085	12770	12471	12178	11282	9395	7379	7428	7500	13033	12490	11536	9842	7681	7593	7554	13729	12320	10105	8406	8258	8363	12966	9675	9065	9163	9127	8540	12640	9139	9181	7761	7825	7881	9290	9242	14787
16228	14124	13438	12077	12139	12680	12633	12232	11973	11349	8751	7059	7093	7043	13984	13432	12050	12049	12719	12674	12200	11960	11350	8677	6976	7083	7082	13971	12409	12500	13129	12940	12644	12310	11497	9023	7223	7266	7267	12585	12689	13512	13407	12951	12607	11734	9279	7255	7434	7449	18510	14737	12565	12190	11901	11323	8606	7080	7083	7060	14654	12489	12187	11942	11412	8628	6996	6987	7129	13375	12774	12411	11713	9393	7394	7395	7361	13313	12740	11976	9595	7474	7521	7472	14073	12634	9988	8265	8272	8284	13480	9603	9171	9160	8980	8529	12571	9204	9240	7770	7714	7659	9256	9409	14650
16948	15168	14733	13825	13877	14345	13984	13973	13927	13362	7414	5629	5726	5667	15157	14757	13839	13892	14314	13965	13859	13823	13335	7281	5604	5658	5642	15334	13828	13791	14285	14430	14310	13931	13346	7171	5511	5677	5619	13956	13872	14581	14777	14519	14171	13482	7433	5619	5751	5665	18847	15966	13599	13672	13705	13391	7476	5716	5947	5911	15955	13619	13672	13642	13316	7585	5693	5844	5847	14164	14136	14146	13631	7902	5952	6144	6039	14622	14214	13292	7381	5445	5644	5635	15238	14024	7703	5953	6222	6156	14750	7785	6649	6799	6828	7317	9263	7036	7053	6248	6346	6389	7526	7519	12600
15360	12527	12188	10855	10881	11444	11394	11022	10931	10351	6375	5075	4941	5119	12656	12157	10886	10932	11443	11439	11101	10777	10347	6458	5123	4962	5015	12738	11219	11176	11863	11834	11368	11225	10507	6675	5201	5150	5171	11354	11360	12125	12187	11679	11439	10630	6928	5317	5238	5260	17570	13252	11212	10977	10707	10391	6307	5031	4895	5007	13225	11204	11030	10775	10286	6286	5015	4875	5049	12030	11639	11317	10661	6951	5407	5312	5455	12276	11716	10850	7332	5601	5428	5462	12710	11286	7668	6103	6071	6087	11916	7193	6595	6629	6737	6283	10041	6742	6797	5658	5662	5673	6717	6743	11905
13020	10626	10297	9173	9150	9737	9628	9308	9221	8693	5550	4425	4415	4384	10630	10211	9167	9237	9681	9693	9333	9252	8710	5597	4426	4341	4433	10804	9406	9352	9966	9844	9550	9439	8786	5843	4536	4576	4553	9568	9500	10323	10305	9825	9538	8934	6056	4583	4703	4700	14750	11204	9480	9256	9009	8545	5466	4279	4326	4286	11273	9517	9246	9012	8590	5491	4293	4371	4314	10141	9810	9495	8809	6028	4545	4560	4588	10135	9836	9157	6428	4763	4714	4730	10766	9663	6691	5231	5221	5327	10075	6253	5823	5754	5776	5507	8618	5910	5842	4822	4881	4867	5973	5888	10221
17517	15912	15478	14780	14686	15038	14984	14825	14728	14371	5537	4008	4100	4065	15856	15501	14783	14777	15099	14927	14898	14694	14333	5480	4000	4079	4003	15915	14828	14909	15250	15280	15074	14913	14465	5610	4136	4109	4169	15112	15120	15559	15513	15263	15064	14618	5804	4200	4297	4204	18988	16234	15036	14786	14611	14390	5460	4056	4063	4028	16275	15016	14824	14608	14397	5446	4035	4037	4037	15414	15236	15024	14594	5790	4258	4318	4250	15499	15226	14587	5919	4259	4328	4237	15869	15002	6226	4664	4700	4724	15369	6002	4980	5139	5003	5398	6995	5091	5073	4303	4362	4371	5365	5251	9308
13737	11424	10880	9563	9630	10246	10208	9893	9568	9071	6955	5674	5557	5552	11529	11000	9629	9677	10130	10243	9948	9635	9081	7000	5676	5567	5515	11396	9843	9791	10484	10541	10214	9880	9250	7218	5888	5770	5753	10135	10125	10925	10844	10512	10040	9261	7569	5847	5920	5800	15729	12046	9999	9716	9536	8879	6842	5578	5572	5597	12114	9960	9692	9479	8876	6813	5479	5498	5480	10768	10405	9998	9285	7566	5982	5872	5823	10723	10437	9459	7917	6075	6029	5930	11327	10142	8155	6570	6678	6559	10746	7684	7375	7313	7295	6818	10736	7475	7417	6270	6310	6268	7428	7574	12433
11538	11223	11110	9327	9314	10289	10840	10839	10623	9567	6226	4413	4400	4390	11243	11174	9299	9219	10203	10849	10901	10674	9623	6146	4456	4368	4391	11562	9440	9460	10428	11400	11385	11181	9840	6283	4411	4428	4467	9390	9385	10436	11451	11359	11030	9886	6167	4490	4368	4337	12235	10730	9224	9366	9185	8614	5962	4320	4263	4365	10726	9351	9233	9253	8667	5934	4325	4324	4325	10256	10321	10121	9312	6217	4449	4367	4432	11408	11084	9793	6244	4447	4416	4399	11414	10182	6299	4530	4493	4497	10422	6332	4698	4637	4689	6242	5786	5125	5129	4309	4221	4229	5171	5177	9149
14642	14280	14367	13037	13196	13855	14316	14330	14163	13574	6513	4515	4502	4505	14381	14471	12968	13154	13826	14322	14282	14168	13624	6690	4546	4461	4452	14428	13120	13031	13809	14496	14407	14355	13648	6560	4500	4442	4484	13100	13059	13946	14430	14450	14334	13668	6529	4493	4497	4571	14711	13702	13002	13122	13013	12778	6617	4474	4494	4538	13905	13090	13132	12958	12579	6474	4490	4450	4526	13849	13883	13708	13330	6537	4492	4573	4574	14590	14212	13645	6544	4447	4514	4485	14409	13691	6691	4549	4529	4547	13929	6649	4527	4666	4517	6709	4963	4908	4848	4248	4277	4367	5285	5288	9310
18304	16578	16318	15310	15306	15687	15624	15528	15317	14805	7168	5515	5416	5455	16680	16362	15308	15312	15754	15602	15563	15303	14862	7170	5410	5561	5486	16664	15480	15486	15926	15985	15768	15617	14981	7399	5543	5565	5545	15745	15641	16235	16220	15884	15702	14989	7391	5632	5613	5569	20008	17207	15534	15309	15259	14878	7070	5510	5451	5459	17105	15508	15290	15261	14825	7017	5372	5436	5528	15994	15837	15732	15069	7609	5600	5678	5672	16224	15815	15209	7583	5640	5674	5678	16738	15717	7925	6192	6216	6147	16144	7579	6514	6628	6519	7072	9076	6778	6764	5773	5767	5792	7012	7006	11871
11685	11362	11348	10014	10102	10848	11239	11269	11113	10491	5571	3728	3738	3774	11504	11216	9896	9974	10713	11273	11174	11111	10500	5459	3738	3664	3716	11547	9961	10046	10786	11431	11377	11228	10628	5544	3705	3843	3773	10111	10012	10783	11457	11290	11279	10552	5525	3707	3694	3739	11808	10956	9876	9904	9907	9369	5309	3659	3607	3675	10860	9980	10091	9999	9601	5257	3572	3670	3698	10926	10725	10702	10260	5336	3697	3673	3737	11443	11288	10676	5511	3769	3770	3849	11411	10653	5572	3768	3823	3836	10893	5752	3815	3880	3820	5570	4343	4167	4096	3457	3465	3482	4225	4171	7785
14730	12369	11862	10830	10880	11306	11220	11123	10752	10397	5537	4419	4381	4330	12322	11988	10824	10815	11388	11243	11106	10803	10496	5664	4420	4423	4355	12320	11063	11019	11583	11489	11175	11063	10550	5941	4463	4544	4532	11114	11196	11863	11936	11548	11210	10623	6065	4555	4492	4597	16603	12948	11030	10839	10737	10371	5486	4338	4265	4222	12841	11083	10875	10686	10279	5422	4341	4332	4185	11798	11469	11223	10560	6034	4606	4612	4565	11905	11471	10817	6449	4714	4650	4647	12234	11276	6495	5292	5327	5207	11783	6155	5747	5745	5701	5452	8332	5830	5722	4731	4688	4738	5781	5801	10136
15721	15666	15606	14236	14232	15105	15643	15483	15405	14870	7738	5244	5324	5231	15638	15616	14328	14405	15098	15580	15483	15391	14916	7772	5259	5291	5213	15682	14239	14151	15117	15675	15694	15506	15023	7740	5297	5315	5346	14265	14384	15170	15672	15654	15689	14976	7775	5295	5244	5223	15882	15124	14246	14252	14184	13766	7600	5209	5230	5227	15022	14221	14323	14207	13890	7624	5137	5293	5173	15168	15249	15055	14445	7638	5242	5341	5245	15554	15556	14979	7894	5237	5321	5251	15654	14948	7871	5243	5284	5283	15165	7854	5355	5388	5390	7786	5754	5594	5584	4912	4894	4943	5916	6005	10352
11008	10671	10752	9579	9511	10466	10705	10671	10610	9855	5330	3597	3620	3567	10810	10766	9532	9563	10305	10861	10820	10598	10016	5362	3762	3704	3585	11041	9641	9640	10425	10922	10971	10880	10104	5323	3627	3683	3661	9650	9570	10414	11036	11094	10835	10057	5333	3618	3611	3563	11374	10498	9621	9590	9460	8992	5153	3561	3621	3535	10446	9638	9682	9525	8924	5239	3555	3629	3539	10354	10384	10254	9741	5256	3745	3525	3594	10970	10880	10147	5468	3649	3644	3642	10965	10165	5388	3732	3692	3710	10304	5380	3790	3745	3732	5422	4255	4018	3934	3392	3425	3402	4177	4070	7450
12958	11188	10827	9836	9901	10241	9915	9999	9864	9428	5324	4304	4263	4256	11153	10848	9876	9889	10322	10038	9983	9877	9452	5382	4262	4367	4332	11259	9791	9863	10341	10456	10324	9977	9370	5292	4157	4277	4196	10075	9921	10586	10797	10436	10263	9471	5540	4318	4321	4290	14693	11905	9645	9718	9722	9350	5448	4337	4399	4388	11900	9647	9739	9720	9387	5362	4415	4386	4430	10244	10171	10061	9589	5911	4588	4539	4608	10571	10164	9424	5447	4300	4293	4263	11177	10040	5932	4849	4707	4804	10645	5778	5390	5428	5320	5320	7973	5629	5578	4953	4894	4852	5889	5862	10226
16807	14748	14187	12841	12772	13512	13154	12934	12763	12131	8482	6899	6923	6877	14610	14161	12708	12691	13394	13152	12971	12820	12088	8628	6894	6846	6885	14808	13102	13064	13811	13698	13292	13050	12341	8834	6942	6995	7033	13242	13275	14096	14029	13583	13233	12366	9061	7057	6993	7124	19014	15476	13046	12840	12626	12155	8638	6895	6912	6905	15583	13117	12849	12682	12126	8627	6956	6937	6888	13887	13514	13353	12452	9355	7265	7268	7329	14096	13617	12573	9175	7111	7202	7275	14794	13219	9693	7834	7892	7908	13996	9501	8657	8596	8613	8551	12165	8816	8772	7587	7667	7620	9143	9082	14542
12398	11099	10732	8826	8812	9709	10102	9939	9668	8521	7942	6070	6140	6030	11271	10748	8755	8711	9922	10220	9998	9830	8445	7964	6042	6084	6008	11417	9108	9101	10248	10906	10659	10254	8842	8341	6248	6195	6127	9247	9246	10425	11084	10798	10338	8870	8458	6325	6404	6383	13888	11063	9103	8787	8635	7791	7485	5860	5878	5881	11030	9065	8971	8645	7830	7413	5758	5814	5857	10204	9851	9715	8401	7969	6196	6159	6063	11127	10549	9017	8573	6333	6381	6331	11319	9452	8847	6563	6789	6651	10133	8594	7174	7145	7240	7703	9831	7759	7771	6134	6126	6031	7448	7322	12084
13307	13432	13240	12144	12017	12843	13336	13170	13205	12527	6193	4018	4010	4026	13343	13225	12205	12062	12980	13077	13312	13337	12699	6150	4107	4060	4032	13428	12308	12209	12917	13452	13448	13421	12623	6071	4054	4028	4058	12165	12227	12839	13323	13339	13440	12757	6101	4116	4011	4070	13680	12838	12105	12010	11990	11597	5943	4068	4086	4066	13011	12110	12042	12003	11714	5806	4070	4020	3957	12800	12904	12742	12288	5999	4024	4005	4052	13503	13324	12692	6123	4097	4035	4104	13338	12832	6131	4159	4075	4148	12837	6151	4183	4055	4077	5997	4510	4296	4323	3747	3818	3735	4597	4599	8285
11697	11437	11311	9722	9551	10646	11149	11019	10948	10081	6084	4138	4159	4138	11482	11298	9636	9697	10543	11193	11032	10889	10006	6075	4088	4246	4217	11649	9735	9655	10806	11464	11601	11331	10265	6131	4146	4240	4225	9654	9561	10814	11532	11542	11336	10165	6174	4103	4144	4214	12091	10851	9681	9578	9747	8921	5691	4094	4030	3973	10880	9726	9634	9649	9014	5566	4067	4087	4026	10613	10654	10587	9622	5975	4120	4211	4170	11536	11337	10223	6087	4102	4278	4158	11462	10451	6199	4151	4306	4288	10580	6174	4309	4361	4322	6000	5118	4650	4734	3865	3932	3846	4756	4760	8432
14419	11871	11486	10122	10029	10668	10555	10257	10068	9484	6950	5655	5496	5696	11758	11373	10099	10008	10637	10569	10267	10026	9450	6932	5564	5492	5592	11962	10295	10335	10913	10926	10514	10271	9594	7228	5713	5746	5782	10559	10568	11360	11307	10859	10579	9795	7516	5879	5912	5962	16412	12512	10396	10190	9866	9343	6802	5457	5457	5479	12484	10378	10144	9774	9338	6840	5426	5507	5602	11214	10729	10496	9747	7432	5879	5813	5896	11310	10875	10042	8055	6102	6086	6169	11919	10567	8102	6581	6652	6834	11265	7693	7320	7257	7387	6654	10578	7415	7433	6115	6175	6156	7374	7461	12375
11370	10806	10565	8685	8652	9582	10127	9875	9778	8615	6809	4958	4928	4927	10843	10498	8698	8667	9685	10141	10018	9741	8554	6889	4970	4814	4919	11053	8750	8827	9947	10755	10579	10222	8915	7152	5063	5012	4988	8799	8863	9807	10859	10646	10371	8914	7068	5102	5042	5031	12434	10306	8832	8696	8492	7735	6344	4762	4653	4750	10325	8733	8666	8443	7695	6428	4718	4767	4781	9846	9694	9444	8360	6799	4877	4955	4980	10767	10365	8909	7199	5061	5052	5153	10752	9291	7425	5160	5314	5318	9777	7137	5595	5585	5510	6849	7237	6048	5995	4837	4812	4776	5722	5872	10010
13045	12984	12900	11572	11673	12366	12691	12880	12687	11988	5932	4105	4132	4025	12774	12978	11534	11515	12161	12774	12829	12646	12074	5931	4073	4064	3983	12991	11515	11500	12450	12994	13087	12914	12102	5935	4034	4080	4092	11610	11482	12350	13016	13114	12946	12080	5930	4076	4134	4030	13322	12410	11495	11517	11497	10954	5708	4028	4026	3997	12272	11465	11531	11459	11103	5874	3979	4051	4020	12339	12332	12247	11616	6030	4055	4070	4034	13046	12911	12116	5910	4068	4014	4149	13077	12206	5967	4135	4031	4044	12437	6017	4167	4184	4225	5913	4686	4379	4397	3794	3819	3794	4866	4770	8502
15041	12717	12227	11044	11045	11587	11577	11300	10966	10559	6860	5436	5451	5417	12816	12310	11160	11071	11631	11529	11277	11071	10495	6880	5419	5449	5415	12684	11391	11346	11918	11862	11542	11268	10687	7147	5543	5506	5551	11544	11481	12285	12280	11794	11540	10865	7440	5620	5641	5671	16877	13331	11520	11223	11003	10552	6836	5399	5405	5464	13326	11366	11191	11070	10444	6840	5442	5432	5413	12152	11721	11480	10809	7323	5670	5668	5736	12217	11757	11025	7736	5972	5809	5831	12709	11555	8129	6370	6346	6310	12138	7547	7070	6946	6908	6822	9998	7106	7078	6037	5903	5985	7245	7265	12058
12812	12694	12789	11399	11307	12220	12606	12580	12647	11778	6305	4381	4356	4398	12592	12633	11521	11468	12319	12589	12594	12514	11807	6233	4326	4365	4290	12765	11378	11473	12199	12810	12757	12527	12002	6442	4362	4328	4438	11532	11472	12257	12739	12768	12585	11829	6482	4301	4492	4425	13173	12352	11417	11413	11253	10919	6077	4257	4294	4344	12130	11383	11384	11243	10898	6135	4303	4297	4296	12230	12213	12084	11559	6280	4426	4362	4323	12819	12812	12031	6389	4398	4353	4389	12664	11954	6370	4419	4423	4422	12157	6431	4513	4565	4445	6315	4979	4742	4746	3972	4061	4007	5072	4936	8621
16935	14906	14423	13352	13353	13973	13765	13580	13451	12908	6954	5431	5401	5444	14913	14544	13415	13382	13926	13813	13570	13495	12908	6885	5419	5369	5402	15079	13585	13648	14120	14182	13891	13554	13062	6982	5455	5457	5487	13777	13739	14497	14451	14190	13887	13226	7238	5546	5595	5581	18742	15570	13527	13395	13277	12824	6816	5340	5371	5327	15644	13667	13439	13349	12903	6899	5473	5348	5419	14224	13977	13727	13206	7393	5723	5686	5739	14422	14007	13221	7436	5643	5673	5717	14948	13792	7732	6262	6212	6215	14353	7521	6687	6769	6710	6844	9599	6913	7012	5776	5985	5967	7163	7238	12171
12202	10037	9645	8606	8622	9093	9048	8855	8588	8041	5772	4541	4592	4580	10264	9684	8657	8612	9045	9099	8840	8530	7999	5714	4551	4610	4524	10152	8800	8736	9386	9353	9083	8752	8193	5933	4723	4699	4762	8998	9005	9676	9798	9342	9065	8352	6339	4764	4811	4828	14164	10732	8883	8749	8435	7990	5719	4451	4453	4527	10849	8886	8727	8406	8041	5708	4439	4496	4505	9573	9281	8930	8308	6273	4801	4823	4841	9671	9310	8456	6568	4880	4924	5017	10212	9034	6731	5492	5542	5483	9675	6533	6124	6154	6145	5593	8999	6068	6206	5065	5136	5122	6290	6229	10448
15382	15188	15207	14224	14195	14796	15233	15292	15150	14692	7427	5124	5079	5008	15194	15247	14265	14326	14907	15262	15151	15246	14742	7416	5116	5083	5030	15208	14218	14213	14750	15271	15329	15276	14793	7401	5157	5075	5059	14200	14206	14794	15239	15319	15204	14791	7466	5079	5083	4995	15484	14813	14229	14141	14133	13778	7216	5071	5079	5046	14719	14309	14269	14155	13882	7305	5041	5001	5013	14838	14886	14764	14451	7470	5067	5006	5057	15254	15270	14719	7417	5123	5029	5051	15306	14777	7421	5098	5052	5053	14878	7545	5188	5151	5101	7533	5511	5257	5271	4761	4680	4696	5743	5728	9889
13514	13287	13401	12199	12141	12949	13224	13306	13274	12623	5722	3764	3792	3827	13339	13386	12217	12226	12928	13163	13377	13109	12720	5650	3808	3787	3722	13519	12188	12200	12963	13356	13374	13487	12587	5874	3808	3727	3742	12220	12063	12788	13319	13403	13414	12864	5664	3821	3820	3759	13612	12855	12111	12140	12157	11873	5707	3798	3778	3779	12744	12209	12192	12188	11741	5627	3814	3752	3738	12833	12734	12915	12428	5679	3781	3764	3716	13400	13249	12761	5844	3841	3692	3748	13329	12753	5785	3867	3748	3810	12947	5813	3907	3845	3871	5757	4084	3988	3972	3591	3410	3481	4261	4257	7952
13611	11278	10757	9310	9296	9928	9912	9547	9318	8489	7607	6192	6135	6194	11393	10687	9290	9335	9974	9995	9543	9304	8609	7575	6133	6198	6124	11452	9598	9793	10421	10411	9947	9557	8856	7999	6322	6371	6434	10014	9927	10814	10827	10155	9898	9025	8292	6498	6453	6584	15975	12121	9794	9535	9227	8567	7469	6117	6083	6163	12111	9827	9435	9266	8426	7526	6052	6183	6195	10572	10059	9768	8910	8226	6502	6594	6524	10654	10087	9136	8710	6723	6671	6760	11271	9886	9029	7316	7357	7379	10580	8504	8178	8152	8169	7438	11767	8274	8226	6920	6992	7018	8286	8233	13437
18041	16005	15493	14345	14415	14914	14729	14469	14263	13796	8431	6641	6626	6523	16031	15521	14367	14347	14937	14931	14459	14247	13821	8420	6612	6644	6505	15993	14476	14490	15234	15162	14778	14552	13979	8679	6747	6726	6712	14655	14713	15491	15462	15049	14879	14100	8947	6960	6925	6836	19791	16546	14606	14394	14256	13695	8440	6611	6570	6546	16501	14673	14457	14240	13687	8453	6637	6621	6520	15350	15015	14737	13982	8956	6867	6884	6874	15358	15116	14295	9352	7069	7108	7057	16045	14720	9629	7664	7690	7619	15363	9172	8144	8208	8049	8316	11016	8359	8281	7114	7097	7094	8443	8468	13545
11942	9985	9302	7956	7977	8691	8591	8271	8023	7327	6786	5464	5400	5438	9928	9220	7988	8038	8662	8567	8251	7929	7304	6649	5430	5473	5428	9975	8256	8274	9163	8988	8564	8141	7384	7046	5498	5600	5676	8579	8500	9409	9340	8916	8494	7700	7223	5855	5760	5762	14321	10642	8415	8149	7928	7255	6646	5369	5398	5357	10648	8491	8097	7886	7239	6632	5364	5435	5404	9326	8764	8534	7631	7228	5716	5849	5714	9177	8855	7907	7712	5961	5967	5917	9873	8480	7906	6552	6524	6597	9171	7503	7372	7321	7274	6345	10818	7535	7475	6143	6111	6209	7584	7449	12344
16545	14495	13993	13071	13071	13497	13303	13317	13012	12539	6475	4898	5022	4959	14466	14067	13085	13057	13538	13460	13317	13040	12608	6384	5077	5103	5037	14606	13174	13148	13758	13908	13561	13282	12729	6528	5019	5110	5059	13355	13333	14034	14047	13803	13465	12722	6759	5118	5173	5138	18303	15202	13242	13021	12912	12492	6465	4928	5053	5049	15165	13177	13063	12878	12497	6511	5023	4969	4958	13742	13636	13305	12848	6919	5228	5218	5272	13935	13634	12839	6813	5192	5177	5140	14667	13458	7304	5674	5741	5650	14124	7062	6298	6301	6218	6403	8995	6536	6523	5517	5553	5513	6737	6845	11567
13716	13564	13292	11966	11859	12819	13367	13322	13175	12220	7022	4854	4915	4814	13593	13501	11867	11820	12890	13429	13323	13174	12258	7046	4819	4848	4931	13661	11929	11854	13024	13665	13605	13356	12423	7047	4857	4942	4773	11828	11798	12930	13723	13586	13384	12499	7116	4832	4877	4863	14165	12915	11933	11785	11735	11090	6720	4648	4710	4624	12871	11822	11674	11758	11118	6716	4786	4660	4676	12889	12821	12739	11794	6943	4803	4782	4755	13651	13475	12456	7006	4877	4832	4790	13665	12642	7205	4876	4957	4918	12720	7171	5013	5104	5112	7053	5687	5355	5357	4519	4464	4554	5487	5517	9572
17694	15595	15223	14182	14081	14598	14313	14254	14119	13509	8943	7062	7127	6998	15661	15226	14058	14145	14604	14172	14311	14157	13456	8890	7053	7046	7010	15867	14131	14083	14743	14764	14588	14386	13551	8789	6876	7049	6985	14304	14226	14954	15244	15032	14572	13658	9064	7096	7125	7116	19620	16601	13911	13962	13963	13414	9049	7149	7305	7150	16587	13740	13922	13888	13437	9061	7212	7267	7165	14391	14470	14484	13792	9589	7370	7536	7494	15179	14553	13569	8879	6970	7116	7028	15738	14356	9503	7582	7785	7699	15268	9420	8376	8532	8352	8907	11361	8836	8846	7835	7762	7892	9308	9329	14782
13069	11063	10716	9501	9517	9984	9946	9708	9634	9002	5862	4757	4751	4770	11095	10582	9582	9525	10088	10000	9711	9582	9033	5890	4722	4701	4775	11140	9815	9668	10243	10217	10101	9753	9045	6013	4751	4767	4739	9955	9914	10642	10598	10256	9888	9234	6243	4923	4852	4832	15042	11810	9675	9568	9374	8925	5934	4651	4738	4707	11800	9600	9543	9364	8829	5909	4658	4670	4648	10422	10184	9914	9255	6407	5064	4988	4945	10577	10201	9448	6341	5009	4919	4974	11202	10069	6816	5579	5471	5481	10510	6572	6210	6079	6189	5790	9195	6264	6331	5336	5364	5437	6546	6623	11033
12408	11796	11510	9690	9595	10744	11313	11100	10847	9592	7227	5121	5220	5323	11553	11514	9694	9628	10778	11230	11040	10945	9622	7227	5212	5309	5204	12087	9908	9855	11062	11764	11708	11484	9979	7517	5248	5370	5289	9775	9872	11088	11896	11898	11461	10024	7429	5270	5303	5323	13168	11275	9855	9586	9553	8666	6659	4951	5136	5087	11252	9725	9526	9505	8632	6704	4906	4977	5073	10883	10746	10637	9350	7208	5173	5254	5295	11954	11597	9965	7468	5356	5326	5330	11850	10352	7742	5451	5554	5547	10717	7520	5627	5713	5688	7137	7140	6187	6225	4925	4995	4959	6142	6046	10462
12893	10581	9963	8541	8542	9228	9034	8806	8494	7742	7323	6007	5921	5903	10520	9980	8444	8489	9114	9105	8736	8405	7679	7470	6000	5984	5989	10504	8779	8768	9485	9473	9099	8722	8024	7698	6159	6111	6109	9074	9033	9804	9887	9415	9022	8092	8022	6325	6308	6315	15162	11284	8964	8598	8292	7729	7259	5976	5872	5961	11244	8889	8649	8296	7757	7296	5928	5942	6010	9807	9320	8925	8099	7857	6362	6401	6405	9873	9408	8382	8372	6609	6510	6594	10705	9245	8846	7360	7238	7381	9911	8319	7981	8099	8055	7153	11758	8099	8183	6767	6828	6870	8298	8243	13212
13022	11073	10594	9267	9251	9838	9874	9472	9269	8736	6507	5165	5171	5184	10930	10551	9364	9311	9949	9881	9487	9256	8686	6559	5240	5170	5224	11115	9531	9635	10250	10097	9742	9529	8879	6841	5391	5354	5315	9730	9784	10511	10493	10026	9640	9039	7056	5435	5495	5504	15110	11560	9492	9371	9081	8598	6397	5114	5264	5184	11662	9592	9353	9127	8654	6424	5097	5180	5187	10472	9897	9629	8989	7046	5430	5510	5433	10425	9933	9128	7389	5575	5661	5621	11126	9675	7598	6194	6235	6188	10357	7285	6717	6880	6871	6355	10006	6925	6950	5804	5818	5834	7107	7033	11893
12432	10765	10442	9605	9614	10089	9637	9792	9691	9208	4718	3721	3655	3722	10583	10336	9543	9605	10064	9745	9714	9709	9275	4696	3653	3620	3658	11007	9581	9536	10030	10107	10059	9838	9235	4735	3610	3706	3622	9704	9640	10196	10400	10241	9875	9403	4816	3703	3710	3704	14091	11457	9354	9424	9408	9263	4827	3832	3810	3760	11479	9356	9473	9525	9216	4848	3862	3830	3747	9893	9878	9821	9497	5180	4010	4011	4065	10320	9868	9204	4852	3682	3717	3661	10859	9844	5052	4083	4079	4059	10348	5077	4532	4561	4469	4782	6782	4867	4887	4348	4347	4393	5345	5308	9137
12379	12223	11981	10485	10456	11322	11970	12022	11693	10750	6456	4477	4537	4494	12235	12057	10453	10414	11387	12006	11934	11727	10896	6600	4482	4594	4533	12319	10591	10518	11515	12246	12299	12064	11095	6596	4491	4570	4478	10627	10505	11399	12266	12400	12134	11057	6679	4564	4604	4554	12778	11576	10451	10494	10400	9660	6200	4330	4475	4396	11441	10448	10453	10329	9749	6208	4393	4361	4380	11523	11383	11339	10492	6342	4499	4584	4467	12279	12158	11080	6622	4557	4649	4587	12239	11213	6746	4558	4728	4487	11575	6594	4706	4786	4695	6618	5400	5149	5057	4198	4220	4198	5155	5104	9118
15884	14336	14066	13467	13532	13867	13399	13594	13625	13219	5056	3743	3803	3847	14381	14065	13550	13541	13867	13290	13542	13694	13193	5080	3748	3849	3921	14667	13329	13353	13656	13856	13916	13623	13043	4923	3621	3714	3701	13328	13302	13780	14020	14141	13758	13068	5060	3649	3748	3763	17308	15196	13025	13151	13327	13157	5293	3961	3994	3981	15192	13019	13198	13313	13163	5343	3941	4011	4075	13394	13499	13680	13460	5597	4158	4141	4201	13986	13550	12957	4975	3618	3640	3718	14456	13502	5269	3954	4030	4093	14169	5249	4421	4457	4470	5174	6035	4752	4824	4453	4523	4495	5436	5406	9520
14698	12190	11841	10381	10195	11000	10926	10516	10204	9580	8043	6533	6473	6393	12269	11756	10279	10235	10968	10865	10411	10159	9538	7969	6439	6460	6414	12385	10620	10669	11306	11207	10772	10492	9703	8353	6636	6646	6641	10825	10914	11808	11630	11195	10760	9931	8710	6858	6797	6928	16752	12960	10684	10311	10148	9421	7850	6378	6383	6321	13088	10636	10299	10090	9382	7817	6401	6337	6238	11589	11048	10684	9814	8633	6894	6837	6805	11537	11045	10159	9079	7042	7046	7064	12307	10832	9390	7777	7701	7802	11542	8878	8329	8483	8413	7813	12153	8560	8591	7261	7248	7263	8578	8514	13816
13270	12742	12650	10917	10956	11968	12493	12479	12316	11166	7265	5050	5088	5114	12841	12736	10944	10898	11954	12393	12480	12222	11249	7270	5055	5068	5048	13036	11079	10951	12279	12965	12900	12720	11433	7330	5152	5125	5126	11117	10982	12198	13073	12914	12595	11473	7351	5088	5076	5098	13888	12266	10909	10974	10880	10249	6869	4909	4948	4890	12180	10818	10824	10813	10036	6933	4871	4900	4850	12081	12021	11722	10822	7306	4993	4977	5076	12976	12717	11413	7377	5118	5094	5058	12951	11683	7382	5219	5211	5248	11997	7357	5341	5368	5358	7153	6298	5798	5846	4800	4709	4789	5815	5795	10105
13308	11146	10483	9164	9141	9900	9793	9410	9231	8504	7595	6229	6174	6240	11186	10568	9211	9102	9842	9676	9468	9194	8478	7487	6287	6120	6119	11171	9329	9367	10213	10171	9749	9418	8556	7812	6328	6380	6347	9650	9729	10640	10547	10051	9702	8823	8278	6584	6545	6528	15540	11816	9557	9318	9039	8402	7470	6133	6154	6226	11876	9439	9240	9024	8409	7467	6124	6179	6161	10326	10012	9599	8741	8119	6614	6479	6528	10389	9929	8988	8556	6663	6595	6608	11168	9654	8833	7350	7277	7412	10578	8527	8013	8209	8114	7255	11713	8290	8325	6889	6955	6826	8345	8366	13405
12160	12084	11755	10455	10448	11283	11743	11742	11591	10944	5380	3747	3847	3848	11865	11975	10357	10461	11354	11773	11805	11670	10860	5520	3698	3795	3771	12182	10459	10382	11392	12054	12083	11953	10945	5440	3783	3866	3755	10496	10533	11279	11968	12040	11963	11124	5467	3695	3856	3846	12390	11407	10415	10450	10458	9886	5339	3798	3786	3805	11405	10284	10316	10339	9911	5369	3794	3799	3808	11247	11166	11260	10574	5435	3712	3911	3858	11888	11962	11019	5468	3638	3832	3742	12017	11169	5454	3764	3800	3821	11375	5478	3793	3990	3897	5426	4342	4218	4164	3540	3612	3641	4398	4351	8002
14902	12212	11895	10889	10812	11281	11317	11043	10951	10471	5514	4239	4226	4223	12311	11927	10912	10930	11276	11338	11043	10850	10443	5439	4148	4313	4173	12376	11048	11085	11593	11530	11257	11166	10611	5643	4283	4397	4340	11248	11257	11852	11931	11438	11161	10645	5789	4361	4516	4439	16556	12733	11172	10936	10699	10291	5358	4105	4086	4106	12797	11182	11048	10746	10342	5376	4092	4144	4141	11760	11462	11211	10635	5905	4386	4428	4310	11820	11451	10854	6141	4583	4525	4581	12347	11254	6420	4980	4977	4962	11734	6073	5410	5533	5462	5264	8141	5553	5544	4628	4596	4496	5676	5669	9928
13575	13505	13348	11829	11865	12765	13252	13243	13196	12181	6351	4194	4293	4257	13525	13346	11958	11908	12663	13201	13309	13216	12425	6446	4200	4291	4300	13398	11959	11991	12820	13547	13430	13383	12517	6365	4181	4253	4292	11981	11994	12827	13639	13651	13308	12559	6426	4215	4309	4301	13953	12815	11842	11850	11792	11132	6177	4045	4197	4158	12848	11802	11906	11811	11179	6232	4184	4291	4319	12802	12774	12836	12007	6309	4202	4271	4252	13566	13457	12598	6308	4213	4351	4257	13493	12654	6499	4168	4270	4392	12780	6346	4381	4407	4389	6428	4868	4605	4702	3929	3951	3877	4865	4888	8745
15525	13724	13352	12361	12406	12783	12728	12509	12408	11982	6109	4835	4833	4793	13776	13301	12314	12352	12879	12836	12481	12399	11927	6060	4688	4798	4774	13712	12546	12516	13075	13124	12751	12487	12135	6315	4836	4928	4876	12756	12668	13368	13298	12936	12706	12065	6494	4963	5024	4992	17137	14229	12599	12462	12276	11877	6029	4659	4758	4638	14133	12628	12411	12212	11859	6002	4666	4740	4707	13293	12891	12718	12162	6469	4973	5030	4867	13363	12883	12255	6807	5063	5149	5099	13778	12751	7018	5534	5498	5520	13254	6708	6016	5996	5968	6090	8508	6117	6109	5182	5209	5111	6348	6253	10616
15381	13344	12932	12155	12146	12461	12410	12244	12104	11832	4796	3580	3639	3635	13275	12937	12108	12182	12477	12458	12262	12082	11785	4786	3637	3632	3588	13340	12331	12230	12699	12740	12449	12207	11885	4861	3614	3692	3741	12427	12497	12953	12968	12627	12430	11905	5008	3742	3858	3808	16904	13689	12355	12164	12059	11736	4722	3548	3582	3557	13645	12328	12199	11978	11729	4740	3506	3597	3613	12813	12606	12353	11983	5064	3748	3811	3769	12864	12633	12063	5358	3817	3851	3907	13367	12403	5562	4189	4201	4216	12785	5262	4505	4501	4550	4740	6699	4623	4635	3896	3918	3957	4783	4791	8509
14621	12244	11660	10361	10333	10991	10836	10522	10272	9675	6847	5483	5478	5512	12296	11719	10441	10343	11053	11007	10423	10184	9660	6867	5462	5474	5507	12204	10581	10700	11333	11204	10767	10668	9846	7092	5645	5699	5673	10777	10790	11693	11623	11184	10815	9895	7456	5752	5816	5815	16878	13045	10821	10403	10185	9613	6676	5398	5441	5530	13000	10687	10452	10211	9596	6682	5514	5391	5422	11605	11129	10828	9900	7418	5800	5797	5816	11515	11091	10080	7674	5901	5853	5999	12179	10918	7946	6587	6606	6694	11502	7505	7293	7233	7175	6647	10841	7487	7512	6176	6196	6136	7478	7435	12591
14021	13710	13726	12677	12578	13304	13762	13795	13737	13193	6053	3991	3984	4046	13878	13591	12812	12648	13268	13742	13778	13702	13156	5998	4026	4012	3990	13664	12576	12569	13402	13676	13801	13815	13121	6050	3987	4068	3969	12756	12593	13353	13726	13746	13800	13253	5965	4014	3963	4019	14011	13407	12757	12545	12616	12200	5956	3869	3932	3954	13343	12655	12613	12599	12268	5878	3976	3992	4007	13360	13308	13264	12944	6002	3959	3982	3968	13664	13825	13331	6039	4025	3960	3967	13700	13242	5960	4034	3975	3938	13413	6020	3988	4131	4071	5991	4363	4255	4233	3625	3658	3708	4621	4642	8326
17814	16039	15736	14807	14889	15284	15090	15032	14861	14440	5645	4235	4122	4241	16021	15666	14799	14831	15295	15124	14983	14873	14453	5678	4233	4180	4127	16182	14967	14930	15503	15453	15163	15014	14597	5779	4293	4215	4252	15059	15012	15669	15678	15384	15114	14591	5880	4353	4327	4356	19260	16505	15036	14856	14679	14423	5671	4242	4129	4155	16517	14930	14971	14777	14401	5656	4214	4151	4127	15553	15272	15094	14708	5997	4435	4400	4310	15680	15343	14720	5999	4556	4369	4394	15980	15116	6335	4935	4710	4728	15598	6123	5232	5191	5196	5594	7450	5333	5335	4588	4517	4552	5640	5569	9997
12659	12281	12149	10370	10413	11406	11925	11837	11606	10649	6784	4774	4726	4736	12254	12168	10373	10348	11481	11944	11876	11729	10635	6787	4719	4791	4735	12471	10588	10437	11611	12439	12371	12099	10871	6911	4739	4806	4764	10519	10420	11648	12343	12295	12061	11014	6877	4829	4761	4693	13173	11758	10412	10306	10157	9526	6404	4689	4609	4639	11647	10370	10248	10186	9528	6451	4678	4608	4627	11579	11348	11239	10409	6666	4742	4659	4722	12380	12257	10912	6916	4792	4840	4816	12351	11242	7087	4909	4785	4832	11374	6978	4999	4953	5064	6740	5991	5491	5436	4440	4463	4511	5524	5451	9592
14327	14226	14236	12793	12864	13750	13982	14080	13963	13230	6981	4784	4750	4764	14305	14312	12949	12872	13794	14182	14217	14105	13378	6887	4814	4718	4771	14397	12834	12913	13776	14260	14315	14218	13540	6948	4813	4846	4740	12915	12933	13829	14365	14376	14212	13473	6903	4819	4842	4722	14528	13722	12721	12816	12759	12353	6725	4743	4643	4773	13631	12843	12654	12786	12339	6710	4713	4652	4728	13633	13732	13701	13047	6913	4845	4765	4737	14310	14209	13527	6927	4890	4805	4812	14269	13651	6976	4850	4901	4766	13799	6942	4849	4813	4782	6940	5328	5193	5089	4360	4452	4457	5487	5359	9366
13279	12898	13012	11292	11349	12278	12821	12741	12680	11682	7169	4855	4977	4895	13039	13025	11263	11228	12224	12724	12718	12604	11705	7041	4875	4923	4888	13186	11348	11496	12341	13059	13202	12917	11912	7284	4906	4962	4908	11309	11493	12425	13139	13017	12861	12005	7079	4939	4930	4856	13747	12369	11297	11319	11224	10594	6718	4842	4866	4822	12477	11285	11310	11268	10609	6702	4763	4918	4780	12198	12378	12192	11316	6913	4903	4904	4919	13107	12976	11955	7174	4900	4945	4961	13105	12027	7196	4977	4994	4971	12371	7239	5159	5026	5074	7053	5931	5477	5403	4499	4591	4545	5554	5582	9566
15068	12671	12009	10647	10656	11233	11210	10922	10504	9918	7979	6401	6408	6385	12569	12007	10543	10622	11271	11127	10793	10610	9811	7922	6345	6456	6482	12538	10793	10864	11594	11611	11199	10799	10074	8199	6481	6587	6552	11145	11125	12002	12071	11453	11108	10284	8481	6673	6692	6733	17270	13343	11054	10639	10330	9717	7802	6243	6274	6288	13339	11016	10659	10384	9790	7853	6242	6271	6361	11887	11291	10986	10134	8561	6621	6635	6635	11933	11462	10392	8879	6899	6891	6926	12616	11183	9237	7602	7637	7693	11790	8827	8389	8243	8387	7666	11923	8360	8391	7013	7079	7011	8398	8498	13762
14011	13600	13675	12228	12195	12881	13494	13544	13419	12766	6867	4627	4704	4720	13747	13624	12243	12086	12952	13481	13565	13390	12652	6882	4704	4686	4671	13864	12266	12191	13216	13735	13748	13736	12834	6887	4713	4743	4716	12226	12210	13185	13708	13786	13659	12771	6886	4674	4774	4673	14172	13134	12178	12130	12145	11634	6639	4619	4673	4627	13035	12185	12044	12081	11684	6687	4583	4603	4554	13132	13209	12964	12237	6831	4683	4723	4706	13729	13699	12743	6791	4684	4756	4745	13754	12939	7052	4736	4844	4779	13147	6916	4863	4821	4790	6924	5425	5087	5079	4392	4367	4417	5199	5320	9397
11806	9476	8952	7759	7735	8377	8264	7920	7558	7187	6110	4897	5009	4928	9544	9007	7748	7804	8323	8280	7895	7671	7157	6082	4968	5039	4983	9519	7862	7954	8660	8545	8224	7901	7389	6542	5096	5125	5219	8239	8151	9047	8921	8529	8144	7421	6721	5187	5229	5242	13874	10035	8003	7760	7587	6984	5952	4835	4948	4854	10090	8136	7767	7527	6964	6065	4914	4965	4892	8884	8387	8122	7360	6523	5164	5212	5270	8845	8427	7601	7083	5354	5546	5397	9499	8131	7369	6006	6059	6040	8844	6881	6710	6603	6605	5901	10035	6824	6700	5534	5603	5681	6792	6820	11518
13190	11304	10844	9989	9837	10535	9969	10070	10046	9509	5330	4274	4228	4194	11245	10733	9951	9866	10359	10024	10005	10055	9502	5353	4148	4228	4253	11557	9690	9799	10319	10655	10469	10103	9420	5193	4090	4002	4008	9976	9864	10542	10778	10596	10313	9545	5365	4139	4129	4185	15257	12225	9529	9662	9696	9341	5440	4269	4392	4369	12182	9617	9621	9574	9379	5442	4369	4461	4375	10077	10141	10156	9711	5868	4591	4601	4540	10562	10231	9379	5324	4180	4043	4008	11337	10136	5756	4607	4649	4665	10958	5757	5144	5318	5220	5404	7716	5557	5503	5089	5025	5033	6142	6159	10628
14593	14296	14255	12612	12692	13652	14086	14007	13918	13160	7554	5308	5425	5303	14175	14108	12544	12612	13628	14102	14058	14037	13038	7581	5367	5447	5424	14387	12702	12682	13589	14251	14357	14041	13262	7611	5379	5404	5324	12715	12628	13639	14401	14361	14330	13272	7745	5450	5336	5373	14823	13659	12633	12518	12613	12013	7292	5276	5312	5249	13751	12546	12610	12534	12003	7252	5225	5264	5266	13708	13519	13433	12775	7612	5448	5306	5377	14315	14286	13299	7668	5435	5331	5429	14389	13471	7741	5403	5429	5417	13556	7723	5530	5495	5471	7556	6233	5797	5792	5019	4881	4876	6089	6115	10425
17377	15189	14756	13685	13716	14265	14115	13856	13721	13193	7242	5659	5557	5690	15149	14739	13772	13715	14283	14161	13855	13752	13244	7219	5740	5593	5677	15381	13940	14020	14529	14618	14191	13933	13346	7519	5784	5708	5765	14145	14180	14883	14835	14358	14104	13452	7701	5878	5906	5984	19127	15861	14023	13841	13664	13178	7200	5626	5611	5644	15774	14047	13840	13643	13136	7194	5610	5636	5647	14761	14288	14168	13445	7676	5891	5846	5929	14738	14490	13695	8069	6105	6066	6152	15296	14087	8229	6398	6433	6554	14716	7952	6990	7030	7099	7218	9804	7097	7163	6087	6036	6063	7250	7235	12152
13183	11154	10509	9280	9403	10037	9755	9490	9274	8673	6807	5479	5417	5396	11205	10597	9360	9412	10056	9708	9556	9290	8692	6802	5416	5436	5429	11222	9714	9680	10271	10231	9895	9564	8802	7051	5584	5497	5517	9913	9835	10620	10526	10113	9812	9129	7393	5807	5713	5705	15315	11782	9724	9367	9249	8639	6746	5466	5454	5498	11848	9757	9507	9249	8694	6785	5397	5485	5515	10442	10044	9771	9062	7346	5748	5748	5751	10518	10117	9192	7547	5803	5894	5790	11128	9914	7935	6478	6475	6459	10486	7677	7142	7212	7214	6588	10450	7272	7372	6135	6145	6029	7373	7374	12160
13691	13662	13600	12566	12422	13121	13657	13433	13619	13193	6034	4002	4047	4125	13716	13641	12543	12632	13344	13538	13411	13455	13017	5939	4049	4135	4122	13819	12697	12537	13264	13654	13799	13590	13148	5944	3937	4153	4181	12591	12627	13320	13671	13602	13824	13056	5964	4010	4089	4142	13796	13140	12460	12454	12490	12204	5818	3950	4014	4031	13160	12549	12544	12473	12100	5875	3958	4057	4064	13220	13114	13192	12737	5883	4090	4044	4079	13538	13711	13163	6033	4061	4117	4057	13676	13026	5964	3996	4118	4107	13264	6107	4078	4204	4089	6064	4317	4340	4255	3740	3722	3675	4602	4531	8269
11603	11243	11194	9343	9485	10259	10809	10789	10689	9691	6337	4601	4588	4642	11392	11124	9429	9412	10377	10944	10877	10699	9704	6379	4490	4518	4469	11450	9470	9562	10505	11365	11305	11167	9877	6528	4560	4574	4756	9463	9528	10649	11481	11388	11154	9867	6479	4624	4622	4598	12342	10570	9438	9386	9217	8614	5990	4397	4417	4529	10688	9586	9473	9381	8546	6068	4408	4474	4439	10443	10478	10149	9357	6375	4540	4523	4643	11351	11241	9911	6603	4531	4593	4664	11423	10135	6689	4661	4792	4790	10465	6595	4872	4857	4986	6337	5969	5221	5341	4285	4241	4233	5225	5121	9173
16615	14564	14028	12972	12908	13432	13230	13051	12824	12289	7172	5707	5650	5500	14374	14137	12934	12940	13418	13317	12979	12792	12272	7181	5591	5601	5641	14576	13191	13087	13637	13657	13233	13016	12346	7408	5698	5804	5684	13290	13259	14013	13910	13517	13259	12600	7574	5879	5845	5790	18637	15074	13202	12799	12781	12247	7176	5569	5578	5468	15016	13145	12902	12721	12166	7083	5574	5571	5421	13859	13577	13263	12516	7604	5886	5884	5889	13970	13594	12743	8050	6115	6025	6055	14406	13292	8256	6592	6545	6442	13854	7898	7180	7200	7184	6982	10219	7183	7121	6100	6019	6069	7348	7443	12475
13360	12977	12974	11404	11302	12372	12878	12945	12817	11830	6616	4610	4462	4484	12997	13064	11398	11270	12399	12861	12917	12785	11698	6539	4679	4456	4490	13252	11462	11560	12382	13293	13216	12998	11822	6729	4704	4501	4558	11427	11377	12493	13184	13136	12968	11963	6645	4668	4509	4503	13831	12489	11266	11266	11367	10541	6313	4513	4366	4402	12436	11302	11391	11289	10494	6296	4595	4430	4418	12462	12279	12238	11419	6516	4650	4540	4504	13138	13009	11848	6725	4597	4468	4528	13262	12117	6730	4631	4619	4664	12229	6705	4821	4559	4674	6650	5526	4993	5055	4256	4071	4125	5080	5184	9259
11900	11445	11369	9506	9727	10570	11119	11080	10920	9826	6467	4588	4560	4457	11480	11245	9523	9624	10620	11287	11047	10934	9884	6396	4474	4585	4483	11699	9721	9738	10836	11594	11560	11425	10075	6586	4642	4505	4517	9751	9839	10863	11638	11636	11498	10247	6526	4619	4625	4571	12548	10832	9564	9729	9359	8875	6073	4408	4477	4350	11059	9650	9662	9532	8838	6115	4408	4427	4407	10753	10597	10466	9475	6275	4555	4454	4457	11552	11360	10183	6645	4629	4585	4541	11545	10376	6581	4726	4689	4647	10679	6613	4944	4832	4816	6428	6047	5246	5194	4371	4284	4289	5307	5361	9283
17736	15773	15496	14541	14560	14967	14968	14711	14629	14175	6659	5005	5006	5044	15743	15529	14608	14600	14952	14963	14669	14579	14165	6595	4912	4921	4948	15891	14744	14744	15155	15209	14874	14767	14340	6845	5169	5047	5131	14986	14950	15525	15485	15106	14859	14469	7082	5208	5148	5178	19068	16195	14821	14658	14506	14120	6643	5017	4943	4949	16131	14847	14653	14501	14116	6612	4970	4936	5071	15363	15052	14840	14390	6940	5229	5231	5263	15414	15086	14591	7239	5338	5285	5320	15903	14973	7363	5661	5722	5713	15368	7051	6140	6148	6103	6544	8254	6149	6179	5258	5258	5234	6470	6483	10750
13022	11486	10988	10232	10301	10572	10578	10410	10229	9887	4372	3395	3288	3490	11429	11056	10297	10308	10672	10513	10469	10218	9941	4460	3331	3306	3465	11456	10326	10398	10791	10771	10618	10425	9992	4498	3473	3378	3575	10504	10500	11031	11023	10812	10526	10146	4553	3521	3461	3579	14714	11891	10352	10245	10167	9825	4336	3332	3320	3477	11961	10433	10291	10203	9925	4439	3347	3339	3437	10807	10656	10475	10065	4785	3585	3546	3649	11012	10770	10196	4818	3543	3536	3617	11409	10591	5049	3948	3838	4031	10981	4747	4313	4326	4464	4343	6519	4508	4559	3858	3779	3802	4612	4574	8281
18482	16849	16427	15409	15356	15847	15875	15561	15366	14886	8357	6422	6416	6405	16812	16299	15465	15512	15838	15819	15524	15357	14865	8353	6419	6453	6407	16851	15671	15714	16185	16075	15871	15558	14979	8557	6491	6587	6547	15777	15794	16428	16439	16003	15715	15157	8865	6642	6627	6636	20075	17339	15550	15396	15296	14865	8225	6347	6350	6331	17325	15691	15392	15273	14830	8292	6376	6316	6375	16331	15899	15659	15145	8759	6675	6690	6654	16316	15965	15265	9059	6838	6813	6674	16743	15747	9171	7292	7178	7116	16262	9066	7724	7821	7776	8248	10249	7833	7896	6893	6815	6696	8044	8196	13180
16560	14257	13600	12432	12397	13109	13106	12757	12494	11789	6916	5262	5437	5430	14149	13680	12436	12462	13032	13046	12738	12472	11912	6908	5399	5458	5443	14080	12772	12678	13399	13340	13064	12719	12093	7267	5534	5623	5632	12947	13004	13755	13599	13236	12906	12173	7415	5656	5644	5777	18567	14798	12860	12709	12473	11804	6908	5360	5416	5489	14710	12882	12605	12411	11867	6901	5385	5416	5404	13595	13227	12893	12071	7580	5656	5680	5695	13639	13309	12478	7873	5801	5807	5853	14269	12947	8000	6361	6496	6562	13684	7639	7017	6986	7016	6831	10117	7138	7195	5844	6074	5863	7272	7277	12307
12029	9944	9521	8233	8335	8778	8848	8395	8260	7837	5812	4615	4591	4611	10021	9374	8290	8407	8851	8850	8530	8321	7831	5806	4707	4658	4655	9916	8484	8643	9076	9117	8707	8492	7858	6126	4801	4863	4832	8658	8743	9482	9438	9037	8677	8035	6430	4927	4865	4859	13848	10488	8588	8373	8159	7661	5766	4641	4580	4595	10452	8729	8358	8267	7604	5866	4548	4570	4586	9344	8961	8682	8073	6322	4906	4909	4893	9393	8903	8105	6710	5011	4925	5000	9911	8733	6826	5639	5619	5600	9317	6554	6170	6221	6192	5666	9244	6188	6194	5242	5241	5173	6355	6250	10676
17016	14910	14399	13033	13121	13799	13696	13318	13112	12401	8768	7038	6928	6972	14881	14498	13208	13234	13666	13619	13337	13155	12399	8768	6986	6987	7005	14962	13367	13343	14053	14084	13530	13421	12586	9171	7053	7103	7038	13630	13561	14431	14367	13802	13597	12804	9327	7138	7275	7339	19099	15596	13472	13206	13006	12348	8684	6822	6955	6836	15518	13455	13116	13023	12473	8622	6853	6885	6829	14201	13818	13578	12594	9302	7201	7269	7282	14244	13779	12962	9786	7406	7388	7444	15028	13658	9974	8024	8024	8049	14319	9561	8694	8620	8655	8627	11928	8782	8854	7521	7585	7609	9060	9078	14350
16057	13909	13383	12224	12240	12726	12699	12324	12229	11614	6506	4938	5011	5045	13872	13495	12177	12164	12659	12637	12299	12108	11548	6486	4948	4985	4912	13863	12381	12392	12963	12916	12601	12303	11697	6635	5024	5063	5127	12543	12548	13288	13285	13011	12648	11861	6938	5202	5289	5239	18033	14398	12554	12256	11896	11462	6408	4883	4872	4942	14516	12575	12255	11994	11491	6366	4925	4940	4935	13183	12933	12547	11776	6891	5286	5151	5272	13237	12736	12009	7176	5338	5439	5380	13902	12605	7472	5814	5808	5909	13246	7160	6474	6441	6505	6247	9636	6552	6575	5457	5652	5520	6707	6723	11755
14252	11814	11145	9801	9688	10503	10324	9989	9695	9058	7880	6553	6580	6537	11820	11269	9705	9694	10574	10438	10072	9720	9128	7848	6541	6542	6542	11804	10066	10230	10847	10796	10369	10119	9260	8177	6757	6706	6719	10335	10382	11330	11216	10727	10294	9338	8571	6822	6799	6964	16696	12797	10128	9913	9627	8921	7845	6247	6472	6354	12753	10149	9963	9683	8981	7861	6388	6423	6466	11070	10662	10301	9492	8656	6820	6934	6783	11150	10698	9694	9024	7029	6988	7186	11882	10383	9267	7677	7595	7791	11006	8799	8503	8464	8515	7738	12382	8613	8753	7279	7236	7213	8674	8700	13971
18003	15925	15420	14472	14529	15009	14520	14612	14612	14008	8225	6582	6658	6514	15954	15491	14488	14440	15031	14535	14705	14534	13976	8167	6595	6640	6564	16163	14301	14252	14809	15182	15103	14746	13917	8155	6439	6447	6338	14479	14458	15101	15501	15350	14979	14067	8311	6524	6652	6530	19769	16893	14060	14229	14273	13974	8528	6707	6848	6734	16776	14011	14252	14330	14064	8538	6757	6836	6816	14649	14694	14759	14336	8983	6982	7147	7009	15411	14823	13925	8095	6290	6342	6310	16163	14784	8682	6960	6995	6905	15600	8696	7622	7707	7695	8339	10420	8189	8141	7424	7350	7347	8867	8959	14247
12983	12962	12585	11127	11113	11967	12631	12473	12380	11592	6638	4695	4690	4558	12800	12667	11146	11177	12053	12579	12486	12377	11563	6581	4654	4663	4681	12961	11078	11193	12067	12975	12915	12718	11788	6611	4731	4626	4595	11149	11122	12205	12936	12769	12755	11718	6690	4764	4633	4573	13368	12093	11170	10962	11023	10540	6308	4512	4510	4465	12188	11194	10987	11054	10529	6368	4514	4498	4531	12119	12008	11989	11111	6562	4620	4701	4597	12907	12670	11799	6635	4643	4639	4620	12867	11808	6728	4619	4660	4667	12119	6719	4855	4782	4770	6624	5563	5133	4964	4366	4319	4198	5196	5175	9132
12194	11966	12179	10746	10796	11652	12014	11893	11864	11298	5564	3730	3732	3807	12017	12035	10706	10778	11653	11937	11770	11766	11006	5678	3791	3820	3807	12135	10853	10814	11566	12168	12168	11997	11147	5685	3815	3838	3749	10660	10636	11655	12141	12097	12114	11369	5680	3768	3820	3809	12358	11602	10632	10689	10638	10246	5474	3750	3725	3746	11572	10663	10698	10628	10125	5465	3778	3684	3734	11472	11514	11381	10751	5702	3798	3810	3763	12088	12077	11173	5702	3776	3753	3794	12167	11328	5794	3841	3821	3782	11589	5668	3876	3936	3890	5716	4354	4079	4107	3507	3503	3430	4490	4288	7814
13299	13135	13147	11931	12213	12762	13265	13140	13086	12700	5574	3766	3733	3827	13131	13105	11924	11935	12675	13179	13114	13035	12696	5620	3782	3844	3827	13159	11889	11822	12878	13190	13312	13144	12609	5625	3813	3803	3882	11870	11939	12748	13433	13188	13311	12630	5594	3798	3832	3696	13620	12664	11984	11999	11929	11542	5564	3794	3731	3744	12762	12058	12052	11899	11565	5474	3832	3724	3724	12709	12613	12838	12335	5476	3762	3773	3820	13208	13347	12733	5678	3681	3831	3734	13158	12777	5681	3837	3839	3811	12868	5725	3870	3859	3873	5636	4187	4039	4130	3509	3453	3459	4234	4261	7921
14149	14162	14204	13455	13444	13960	14204	13985	14134	13660	6236	4081	4184	4171	14142	14141	13466	13499	14038	14345	14289	14150	13855	6176	4172	4176	4099	14215	13489	13407	13959	14292	14235	14167	13782	6220	4125	4153	4209	13440	13482	13962	14245	14282	14259	13792	6215	4149	4139	4118	14240	13794	13560	13413	13525	13136	6118	4048	4111	4121	13926	13431	13402	13476	13153	6023	4117	4134	4142	13841	13877	13898	13573	6111	4164	4208	4136	14170	14262	13819	6084	4129	4110	4205	14168	13906	6146	4117	4170	4188	13936	6244	4116	4115	4210	6215	4327	4254	4354	3789	3759	3817	4676	4532	8335
15332	13135	12637	11648	11649	12013	11936	11765	11590	11172	5789	4430	4344	4364	13100	12607	11607	11683	12028	12039	11940	11686	11220	5875	4403	4476	4330	13101	11908	11917	12388	12401	12038	11835	11290	6038	4539	4480	4418	12148	12045	12706	12714	12309	12053	11357	6244	4594	4586	4547	17063	13621	12000	11805	11488	11145	5736	4394	4341	4315	13558	12025	11762	11629	11120	5675	4388	4364	4351	12500	12270	11957	11361	6138	4624	4620	4578	12629	12334	11550	6486	4745	4788	4685	13038	11914	6592	5173	5165	5173	12551	6358	5789	5643	5661	5669	8244	5706	5595	4779	4833	4751	5735	5793	10063
12718	12868	12764	11748	11835	12377	12716	12691	12672	12238	5528	3651	3622	3593	12636	12698	11782	11747	12293	12689	12464	12681	12252	5492	3628	3689	3594	12800	11785	11764	12307	12716	12763	12738	12205	5435	3615	3691	3608	11820	11869	12354	12818	12890	12702	12224	5427	3716	3673	3608	12811	12330	11756	11776	11718	11547	5296	3610	3638	3525	12300	11797	11700	11782	11591	5244	3632	3554	3576	12433	12489	12368	12071	5447	3656	3606	3581	12872	12813	12366	5378	3626	3622	3560	12749	12405	5464	3623	3636	3575	12449	5441	3651	3696	3628	5464	3933	3807	3714	3285	3305	3211	4045	4047	7374
12205	11870	11619	10162	10083	11033	11544	11643	11426	10445	6210	4309	4285	4389	11845	11839	10116	10188	11074	11608	11636	11420	10652	6205	4233	4389	4327	11954	10253	10091	11197	11772	11887	11774	10789	6175	4269	4370	4293	10233	10227	11172	11918	11826	11798	10680	6227	4341	4334	4313	12480	11210	10101	10167	9981	9490	5847	4241	4206	4252	11180	10192	10179	9969	9442	5914	4136	4222	4171	11098	11104	10878	10249	6079	4208	4286	4244	11973	11691	10865	6208	4258	4388	4254	11819	10830	6422	4459	4404	4316	11032	6359	4509	4594	4492	6203	5179	4917	4774	4003	3980	4094	4818	4880	8759
11912	11461	11585	9970	10014	10862	11329	11394	11204	10310	6091	4303	4172	4240	11580	11417	9946	9994	10917	11518	11272	11149	10288	5985	4287	4198	4288	11706	9852	9985	10938	11558	11608	11526	10497	6207	4280	4240	4336	9900	10064	10985	11719	11672	11423	10477	6105	4212	4194	4315	12343	11027	9819	10038	9918	9194	5919	4036	4144	4173	11116	9914	10036	9819	9198	5905	4066	4128	4227	10835	10815	10682	9965	6128	4228	4188	4228	11695	11532	10372	6167	4244	4296	4294	11567	10561	6197	4288	4362	4366	10999	6290	4394	4384	4517	6057	5230	4730	4754	3971	3961	3900	4780	4814	8521
13244	13206	13177	11863	11821	12612	13114	13142	13032	12198	5507	3785	3730	3784	13200	12967	11828	11619	12657	13063	13009	13051	12164	5540	3773	3785	3884	13093	11750	11553	12547	13227	13223	13196	12374	5546	3743	3662	3739	11753	11686	12507	13222	13251	13097	12238	5525	3776	3729	3801	13467	12515	11738	11687	11682	11249	5401	3747	3872	3797	12462	11736	11643	11473	11219	5433	3844	3848	3730	12471	12444	12542	11842	5622	3753	3777	3764	13299	13109	12244	5466	3727	3626	3792	13181	12473	5542	3809	3832	3799	12592	5547	3790	3823	3945	5481	4234	3992	3963	3576	3641	3688	4522	4542	8176
