1-2	1-3	1-4	1-5	1-6	1-7	1-8	1-9	1-10	1-11	1-12	1-13	1-14	1-15	2-3	2-4	2-5	2-6	2-7	2-8	2-9	2-10	2-11	2-12	2-13	2-14	2-15	3-4	3-5	3-6	3-7	3-8	3-9	3-10	3-11	3-12	3-13	3-14	3-15	4-5	4-6	4-7	4-8	4-9	4-10	4-11	4-12	4-13	4-14	4-15	5-6	5-7	5-8	5-9	5-10	5-11	5-12	5-13	5-14	5-15	6-7	6-8	6-9	6-10	6-11	6-12	6-13	6-14	6-15	7-8	7-9	7-10	7-11	7-12	7-13	7-14	7-15	8-9	8-10	8-11	8-12	8-13	8-14	8-15	9-10	9-11	9-12	9-13	9-14	9-15	10-11	10-12	10-13	10-14	10-15	11-12	11-13	11-14	11-15	12-13	12-14	12-15	13-14	13-15	14-15
12695	12168	11976	10142	10266	11187	11716	11779	11610	10436	6564	4621	4674	4718	12178	12021	10202	10187	11198	11758	11782	11605	10487	6510	4656	4639	4673	12365	10143	10192	11214	12187	12045	11915	10652	6543	4628	4531	4598	10224	10052	11246	12450	12295	11990	10547	6580	4605	4600	4658	13157	11650	10075	10121	10083	9383	6345	4653	4740	4611	11737	10012	10127	10081	9406	6301	4630	4716	4693	11171	11060	11052	10251	6721	4782	4732	4723	12268	11960	10556	6519	4578	4534	4620	12259	10911	6655	4756	4662	4758	11357	6639	4950	4919	4956	6611	5984	5454	5384	4686	4613	4666	5738	5685	9880
13354	13355	13152	12083	12235	12852	13296	13160	13105	12757	4841	3374	3436	3400	13262	13256	12158	12252	12925	13223	13165	13277	12715	4867	3478	3395	3404	13363	12044	12097	12783	13313	13321	13382	12742	4806	3365	3339	3449	12034	12146	12753	13222	13364	13395	12828	4783	3391	3328	3420	13490	12928	12031	12009	12095	11799	4920	3479	3407	3373	12893	12134	11974	12193	11893	4940	3524	3503	3379	12682	12691	12807	12556	4899	3402	3454	3464	13205	13405	12656	4819	3339	3371	3415	13385	12675	4850	3368	3478	3449	12913	4764	3395	3453	3465	4893	3677	3539	3685	3640	3658	3593	4362	4425	7964
12610	12201	12108	10130	10287	11201	11835	11785	11453	10263	7245	5146	5199	5207	12309	12159	10220	10259	11203	11903	11823	11595	10293	7313	5156	5161	5158	12396	10272	10243	11453	12278	12257	11965	10540	7353	5231	5289	5194	10208	10385	11422	12318	12358	12063	10698	7434	5146	5171	5222	13602	11688	10233	10201	10061	9264	6867	5062	4988	5053	11744	10256	10236	10092	9393	6852	5059	4909	4975	11275	11288	11065	9989	7093	5124	5168	5234	12435	12062	10722	7434	5190	5227	5272	12259	10967	7675	5316	5301	5303	11353	7552	5575	5492	5549	7112	6853	6111	6075	4991	4904	4971	6066	5977	10416
15024	12893	12577	11407	11374	11821	11806	11678	11387	10965	5676	4423	4403	4393	12987	12620	11518	11306	11876	11894	11586	11413	10861	5640	4341	4439	4436	12999	11658	11670	12167	12144	11790	11704	11050	5887	4477	4520	4541	11765	11827	12556	12463	12156	11789	11173	6219	4596	4653	4635	16883	13460	11721	11497	11194	10888	5630	4349	4408	4407	13450	11693	11386	11277	10882	5625	4343	4399	4309	12379	11991	11760	11181	6096	4725	4720	4667	12339	11977	11285	6246	4685	4758	4704	12983	11832	6519	5021	5251	5266	12371	6213	5644	5819	5856	5507	8458	5926	5954	4868	4865	4896	5932	5873	10506
11325	9421	9080	8109	8058	8519	8529	8264	8121	7650	4722	3707	3604	3683	9370	9033	7995	8123	8578	8392	8309	8136	7603	4731	3640	3638	3688	9504	8288	8235	8775	8682	8429	8149	7784	4845	3793	3700	3810	8441	8494	8979	9012	8705	8370	7881	5084	3910	3891	3917	13047	9891	8298	8120	7999	7531	4633	3630	3480	3589	9836	8350	8035	7925	7590	4560	3637	3600	3594	8946	8598	8402	7859	4991	3798	3793	3893	8890	8675	7990	5406	4018	4016	4005	9327	8375	5588	4385	4367	4490	8934	5143	4819	4781	4847	4466	7277	4988	5050	4007	4075	4097	5004	4990	8869
18057	16057	15705	14568	14540	15122	14956	14736	14604	14112	7750	5953	5789	5824	16066	15669	14635	14696	15117	14964	14731	14640	14088	7741	5908	5927	5857	16279	14787	14866	15404	15346	15034	14772	14181	7877	6071	5917	5983	15020	15018	15699	15683	15287	15009	14312	8226	6181	6143	6102	19764	16642	14876	14716	14467	13993	7618	5892	5883	5880	16608	14928	14710	14509	14036	7661	5927	5932	5855	15531	15191	14928	14289	8224	6095	6243	6157	15572	15137	14480	8388	6280	6222	6255	16142	14911	8732	6764	6785	6739	15631	8376	7330	7287	7235	7564	10167	7436	7439	6276	6372	6338	7694	7673	12684
18051	16154	15884	14972	14978	15335	15393	15102	14958	14649	6404	4801	4835	4830	16176	15778	15017	14976	15406	15354	15171	14979	14579	6400	4767	4806	4887	16305	15189	15272	15666	15603	15317	15162	14732	6533	4942	4905	4939	15325	15317	15832	15900	15560	15326	14856	6763	4990	5010	5056	19525	16566	15329	15086	14860	14550	6294	4785	4797	4862	16556	15289	15054	14895	14521	6358	4760	4736	4833	15798	15495	15255	14851	6723	5016	4995	5038	15878	15644	14974	6957	5110	5159	5125	16167	15291	7189	5462	5461	5480	15745	6833	5883	5875	5884	6390	7999	5964	5956	4980	5011	5092	6144	6074	10434
17760	15542	15077	14076	14010	14561	14495	14167	14030	13436	7785	6056	6142	6121	15522	15102	14014	14064	14507	14487	14093	13980	13571	7792	6173	6114	6188	15669	14263	14266	14917	14859	14453	14234	13581	8067	6280	6244	6236	14442	14513	15150	15092	14775	14450	13702	8366	6416	6351	6371	19309	16045	14347	14087	13897	13376	7765	6028	6104	6065	16006	14354	14151	13870	13395	7837	5978	6045	6013	15043	14706	14340	13745	8242	6350	6398	6284	15056	14666	13915	8755	6483	6631	6527	15605	14430	8831	6984	6988	6973	14903	8446	7496	7439	7626	7601	10211	7681	7805	6369	6422	6452	7802	7771	12620
14187	12576	12275	11516	11484	11887	11548	11622	11523	11172	4438	3425	3568	3409	12599	12356	11525	11543	11958	11581	11608	11580	11107	4506	3407	3565	3392	12903	11486	11519	11984	11950	11929	11675	11083	4467	3438	3446	3420	11599	11573	12079	12211	12059	11905	11116	4614	3481	3492	3429	15978	13288	11318	11357	11361	11092	4547	3497	3577	3493	13285	11355	11363	11306	11108	4572	3555	3599	3503	11882	11761	11732	11308	4930	3768	3808	3666	12241	11731	11113	4609	3425	3523	3448	12716	11554	4885	3846	3905	3886	12257	4816	4303	4414	4292	4454	6528	4749	4606	3969	4028	4030	4932	4913	8938
13378	11394	10923	9965	9843	10413	10263	10077	9843	9316	5007	3989	4074	4074	11495	10893	9934	9938	10464	10431	10068	9946	9486	5129	3992	4070	4132	11551	10029	10008	10696	10627	10476	10124	9574	5152	4146	4042	4099	10131	10297	10950	11003	10653	10331	9559	5373	4131	4218	4191	15403	12119	10199	10028	9863	9364	5002	4121	4026	4011	12099	10072	9947	9834	9382	4999	4108	4031	4066	10642	10368	10221	9592	5512	4329	4234	4159	10940	10622	9710	5545	4260	4326	4229	11571	10267	5924	4776	4846	4824	10918	5744	5410	5275	5235	4970	8279	5428	5558	4570	4571	4633	5620	5559	10053
14690	12461	11897	10438	10521	11198	10918	10678	10419	9848	8001	6559	6442	6466	12503	11908	10483	10529	11206	10869	10736	10458	9869	7991	6593	6429	6458	12491	10660	10676	11479	11391	11119	10741	10072	8194	6687	6629	6567	11005	10988	11877	11864	11305	11090	10154	8566	6757	6829	6762	16846	13255	10790	10435	10415	9682	7983	6529	6484	6452	13164	10791	10463	10339	9712	8030	6452	6419	6405	11476	11281	10915	10105	8694	6862	6855	6874	11664	11303	10212	8805	6765	6801	6789	12312	10941	9118	7622	7492	7545	11764	8851	8332	8174	8287	7864	11910	8471	8523	7344	7353	7356	8726	8710	14072
15977	13952	13551	12499	12567	13030	12733	12684	12677	12083	6330	5022	5069	5070	13975	13504	12608	12521	12970	12669	12717	12599	12067	6362	4904	5023	5116	14251	12413	12422	12951	13160	13078	12670	11984	6197	4923	4876	4908	12599	12660	13288	13446	13331	12960	12100	6353	4948	4889	4933	17806	14816	12195	12292	12434	12052	6547	5058	5156	5139	14869	12263	12365	12359	12007	6607	5085	5150	5138	12718	12826	12812	12342	7087	5332	5319	5355	13418	12888	11964	6276	4875	4890	4890	14011	12694	6756	5387	5456	5476	13512	6751	6024	6032	6098	6353	8734	6553	6432	5748	5795	5760	7006	7046	11963
14550	12011	11615	10670	10690	11096	11082	10851	10559	10302	5004	3881	3772	3834	11980	11597	10724	10655	11085	11149	10817	10661	10264	4958	3842	3856	3904	12105	10815	10803	11348	11368	11079	10911	10388	5131	3986	3953	3968	10938	11033	11512	11647	11234	10985	10500	5361	4011	4041	4014	16130	12404	10970	10672	10561	10168	4909	3894	3884	3835	12429	10927	10773	10566	10227	4932	3879	3885	3876	11377	11154	10882	10419	5331	4090	4003	4068	11627	11265	10563	5683	4157	4226	4224	12024	10977	5925	4651	4631	4605	11542	5525	5023	5127	5044	4852	7569	5114	5163	4279	4283	4194	5092	5136	9279
13187	11100	10564	9432	9399	9990	9787	9586	9450	8768	5895	4667	4746	4620	11016	10641	9414	9349	9957	9847	9658	9441	8938	5869	4673	4584	4640	11113	9475	9533	10184	10094	9868	9648	8993	6041	4683	4651	4611	9657	9712	10487	10604	10232	9782	9189	6272	4750	4891	4761	15276	11631	9536	9392	9245	8792	5827	4680	4739	4610	11772	9528	9422	9163	8769	5775	4635	4578	4659	10208	9978	9895	9100	6433	4952	4922	4887	10497	10027	9192	6403	4836	4903	4833	11152	9832	6772	5398	5468	5407	10495	6527	6236	6004	5971	5693	9290	6361	6255	5253	5351	5239	6448	6416	11098
12461	10893	10527	9654	9665	10025	9886	9769	9658	9230	4319	3333	3291	3244	10825	10427	9575	9629	9986	9898	9781	9554	9271	4261	3303	3336	3187	10882	9754	9788	10184	10257	10003	9782	9436	4400	3333	3385	3401	9914	9962	10416	10501	10188	9999	9459	4589	3352	3379	3466	14089	11275	9850	9671	9546	9159	4230	3289	3304	3180	11274	9785	9632	9600	9204	4281	3314	3291	3219	10377	10055	9835	9491	4604	3510	3533	3439	10313	10139	9492	4803	3550	3492	3505	10815	9896	4974	3870	3907	3770	10342	4684	4281	4328	4227	4247	6521	4372	4402	3727	3760	3634	4520	4551	8133
15350	13023	12674	11473	11385	11817	11879	11553	11230	10717	7233	5713	5810	5739	13028	12693	11357	11354	11904	11744	11517	11146	10693	7291	5651	5741	5698	13242	11631	11564	12195	12229	11896	11510	10838	7540	5857	5782	5795	11787	11822	12560	12614	12155	11862	10979	7761	6115	6103	6044	17462	13765	11712	11431	11260	10637	7171	5685	5733	5645	13832	11634	11466	11147	10726	7253	5828	5613	5666	12415	12040	11717	11050	7810	6066	6082	6021	12636	11995	11116	8222	6227	6136	6073	13064	11784	8506	6899	6870	6696	12481	7993	7555	7532	7443	7093	10647	7601	7584	6423	6380	6416	7653	7687	12885
12776	11147	10687	9884	9980	10236	10241	10138	9951	9629	4532	3514	3501	3517	11093	10703	9874	9959	10230	10231	10102	9873	9597	4510	3512	3517	3493	11118	10014	10073	10482	10475	10267	10070	9664	4701	3508	3671	3555	10203	10307	10812	10752	10504	10255	9769	4854	3615	3701	3672	14206	11378	10186	10040	9829	9488	4410	3448	3472	3376	11441	10190	9994	9788	9466	4452	3434	3458	3442	10696	10349	10218	9734	4845	3553	3656	3618	10692	10441	9883	5066	3779	3731	3787	11110	10239	5279	4101	4072	4027	10640	4927	4359	4498	4402	4353	6590	4663	4584	3879	3743	3874	4679	4661	8170
15057	12649	12097	10780	10724	11397	11255	11063	10628	10152	7788	6242	6378	6323	12662	12110	10752	10812	11416	11381	11103	10862	10090	7794	6303	6362	6380	12921	10941	10988	11746	11722	11285	10996	10270	8055	6472	6551	6386	11290	11440	12097	12169	11573	11350	10606	8371	6674	6725	6599	17106	13265	11094	10899	10676	10012	7582	6311	6231	6274	13314	11180	10908	10604	10063	7659	6338	6254	6242	11977	11544	11212	10473	8377	6635	6697	6662	12097	11522	10721	8756	6816	6947	6896	12663	11371	9061	7422	7476	7471	11993	8589	8104	8158	8126	7490	11497	8277	8361	6967	6897	6869	8352	8363	13448
12636	12472	12394	11248	11254	11950	12362	12422	12413	11499	5870	4020	3935	3944	12494	12322	11157	11224	11794	12339	12476	12308	11625	5917	3983	3952	3992	12574	11170	11181	11932	12474	12556	12440	11671	5798	3995	4039	4009	11228	11181	12001	12395	12579	12423	11660	5905	3989	4009	4012	12737	11912	11131	11189	11081	10700	5714	3970	3986	3916	11843	11216	11178	11188	10605	5768	3910	3918	3867	11945	11968	11883	11335	5939	3962	4016	4003	12467	12510	11800	5925	4030	4001	4004	12513	11675	5866	3995	4018	3928	11973	5917	4027	4103	4138	5960	4473	4321	4207	3637	3671	3724	4523	4515	8015
14890	12606	12114	10607	10638	11185	11126	10901	10504	9874	8212	6717	6517	6634	12720	12134	10671	10544	11293	11233	10927	10593	9889	8258	6649	6593	6705	12735	10928	10893	11722	11638	11176	10847	10102	8503	6764	6885	6786	11183	11153	12121	12059	11483	11167	10342	8901	6978	6965	6958	17230	13389	11072	10634	10403	9693	8088	6552	6544	6558	13409	11010	10728	10488	9800	8022	6575	6512	6549	11893	11443	11002	10235	8743	6931	6895	6987	11904	11438	10429	9321	7158	7174	7199	12678	11107	9600	7834	7857	7994	11854	8992	8572	8571	8630	8071	12242	8604	8630	7300	7313	7332	8824	8862	14167
16271	14296	13993	13112	13157	13472	13437	13321	13067	12790	5467	4126	4188	4197	14286	13925	13113	13180	13450	13458	13256	13093	12747	5496	4166	4183	4227	14444	13222	13360	13689	13774	13469	13304	12950	5698	4223	4228	4230	13410	13508	13895	13952	13563	13430	12988	5822	4310	4322	4361	17611	14733	13339	13183	13018	12643	5442	4059	4089	4072	14575	13355	13150	12983	12692	5550	4068	4085	4089	13793	13548	13382	12946	5804	4286	4323	4283	13931	13634	13147	6122	4408	4393	4454	14266	13472	6189	4738	4739	4747	13762	5970	5194	5154	5202	5321	7188	5252	5292	4477	4294	4234	5357	5303	9287
16111	14150	13892	13050	13095	13399	13454	13166	12962	12606	5949	4606	4546	4406	14244	13932	13037	13011	13415	13431	13211	13007	12600	5946	4545	4529	4356	14267	13204	13178	13630	13680	13400	13092	12783	6106	4622	4590	4518	13419	13323	13811	13879	13566	13353	12810	6361	4756	4680	4656	17621	14718	13214	13145	12943	12570	5931	4440	4420	4366	14631	13197	13073	12911	12462	5899	4414	4478	4317	13794	13483	13295	12815	6230	4680	4567	4573	13822	13683	12875	6537	4733	4742	4727	14337	13361	6774	5226	5207	5110	13773	6493	5657	5643	5534	5767	7995	5675	5579	4727	4849	4835	5854	5734	9998
11485	10513	10019	8190	8248	9204	9428	9450	9032	7854	7306	5539	5489	5453	10336	9941	8180	8331	9216	9478	9342	8924	7831	7307	5429	5458	5526	10664	8400	8517	9630	10166	9895	9472	8111	7608	5595	5607	5560	8628	8569	9726	10370	10172	9609	8218	7722	5613	5725	5594	12815	10242	8396	8309	7971	7139	6829	5324	5361	5251	10265	8392	8245	8036	7202	6819	5225	5354	5335	9499	9244	9026	7746	7311	5501	5506	5469	10314	9903	8441	7833	5771	5705	5631	10521	8897	8096	6053	6000	6010	9341	7906	6520	6479	6393	6966	8814	6984	6901	5509	5461	5561	6750	6786	11266
14816	12274	11972	10816	10875	11282	11392	11027	10941	10444	5137	3965	3957	3853	12336	11918	10867	10964	11391	11355	11057	10907	10420	5045	3901	3876	3924	12517	11115	11116	11674	11675	11313	11130	10577	5251	4024	4047	4009	11263	11288	11949	11889	11497	11249	10651	5511	4104	4127	4130	16654	12789	11235	10946	10852	10397	4957	3874	3898	3888	12750	11214	11013	10873	10379	4910	3822	3961	3919	11845	11491	11305	10709	5481	4122	4107	4130	11917	11635	10859	5692	4304	4282	4291	12322	11240	6022	4669	4673	4693	11814	5562	5201	5198	5120	4926	7848	5181	5217	4386	4394	4364	5256	5364	9640
15061	12989	12716	11724	11732	12214	12084	11921	11758	11328	4907	3652	3646	3700	12921	12654	11792	11775	12223	12059	11954	11910	11306	4784	3669	3581	3631	13146	11917	11822	12377	12410	12130	11958	11445	4928	3714	3767	3760	12099	12074	12672	12665	12388	12075	11549	5186	3840	3798	3907	16669	13564	11906	11821	11691	11235	4738	3677	3549	3637	13624	11929	11802	11673	11336	4819	3694	3666	3651	12508	12207	12129	11612	5183	3906	3856	3899	12606	12307	11658	5399	3899	3849	3837	13105	12060	5527	4345	4235	4210	12573	5289	4775	4728	4746	4757	7110	4776	4811	4043	4071	4095	5115	4973	9107
18476	16115	15619	14366	14424	14891	14841	14596	14387	13868	8632	6957	6872	6919	16130	15604	14406	14368	14930	14777	14605	14407	13871	8653	6846	6864	6872	16120	14672	14592	15260	15217	14919	14605	13945	8833	7013	6984	7009	14876	14845	15615	15708	15145	14738	14110	9138	7158	7231	7100	20073	16447	14749	14404	14231	13665	8496	6738	6794	6773	16473	14823	14454	14332	13800	8457	6909	6841	6851	15496	15125	14912	14027	9164	7126	7062	7123	15491	15150	14300	9551	7327	7426	7329	16090	14837	9807	7918	7875	7869	15399	9404	8439	8258	8396	8451	11338	8388	8437	7296	7251	7275	8673	8636	13943
14980	12717	12295	10902	10827	11452	11366	11165	10940	10278	7527	5971	5988	6110	12775	12318	10911	10908	11569	11452	11149	10901	10239	7554	5835	6003	6013	12753	11191	11184	11933	11818	11435	11209	10505	7757	6174	6110	6149	11466	11490	12325	12199	11532	11346	10531	8154	6210	6216	6272	17222	13411	11409	10947	10761	10278	7382	5992	5926	5994	13348	11326	10949	10760	10171	7377	5882	5917	5911	12135	11648	11316	10554	8142	6213	6228	6228	12204	11705	10842	8415	6339	6394	6430	12742	11365	8769	6979	7073	7098	12023	8319	7749	7657	7710	7311	11080	7840	7956	6595	6523	6563	7963	8001	13195
13461	13130	13254	11836	11772	12785	13096	13263	13074	12174	6791	4785	4720	4730	13268	13114	11689	11830	12682	13078	13086	13137	12285	6926	4822	4743	4731	13398	11710	11799	12672	13320	13318	13169	12365	6865	4751	4712	4703	11716	11645	12665	13282	13371	13116	12252	6915	4759	4689	4688	13754	12731	11748	11787	11686	11100	6548	4669	4627	4651	12756	11853	11831	11701	11173	6526	4696	4620	4681	12768	12689	12618	11864	6784	4755	4639	4654	13376	13174	12423	6822	4754	4712	4721	13398	12470	6925	4850	4733	4734	12724	7005	4947	4830	4897	6811	5482	5165	5160	4462	4346	4367	5341	5337	9417
13050	12893	12906	11789	11526	12398	12882	12770	12775	12346	4766	3436	3477	3425	12900	12721	11733	11780	12294	12874	12768	12885	12118	4766	3429	3412	3413	13053	11519	11475	12251	12948	12937	12836	12330	4748	3367	3380	3328	11750	11691	12414	12941	12930	12932	12342	4743	3336	3384	3420	13141	12395	11473	11515	11604	11609	4771	3541	3540	3539	12527	11530	11526	11610	11610	4838	3536	3432	3508	12237	12263	12378	12099	4937	3442	3466	3502	12898	12905	12200	4697	3340	3363	3400	12804	12350	4811	3345	3371	3427	12427	4746	3422	3387	3385	4817	3696	3596	3627	3645	3579	3661	4317	4283	7913
12201	10291	9743	8550	8387	9115	8845	8689	8488	7830	6427	5214	5226	5238	10156	9685	8565	8453	8963	8857	8657	8433	7939	6463	5290	5171	5247	10080	8753	8699	9391	9243	8884	8733	8022	6606	5369	5426	5370	8890	8952	9759	9700	9185	8895	8181	6887	5470	5495	5483	14380	10804	8747	8499	8312	7749	6304	5101	5181	5132	10887	8771	8407	8314	7681	6321	5157	5186	5151	9499	9101	8780	8091	6964	5551	5484	5380	9528	9156	8425	7295	5698	5575	5624	10191	8976	7545	6230	6237	6253	9631	7135	6935	6841	6823	6363	9897	7146	6931	5850	5786	5783	7067	7109	11655
18262	16742	16394	15621	15671	16100	15555	15675	15782	15320	7205	5493	5498	5449	16768	16430	15712	15648	16101	15581	15721	15771	15333	7155	5498	5469	5474	17138	15484	15446	15907	16131	16070	15867	15220	7018	5260	5375	5322	15567	15505	16104	16380	16244	15953	15342	7037	5375	5349	5407	19819	17546	15164	15302	15394	15190	7454	5557	5660	5672	17532	15129	15310	15405	15201	7431	5605	5652	5680	15570	15722	15771	15535	7711	5802	5772	5863	16259	15798	15067	6946	5264	5256	5174	16817	15791	7345	5718	5714	5740	16384	7391	6178	6281	6280	7276	8161	6621	6755	6164	6021	6070	7360	7496	12259
12754	12729	12599	11479	11389	12148	12646	12526	12584	11953	5411	3657	3668	3688	12760	12636	11444	11433	12150	12457	12689	12582	12000	5384	3768	3679	3704	12814	11405	11492	12177	12650	12793	12671	11903	5451	3734	3547	3675	11487	11340	12227	12819	12787	12607	12021	5495	3759	3634	3579	12981	12166	11300	11452	11355	10868	5309	3676	3568	3611	12185	11448	11271	11407	11026	5367	3550	3643	3634	12158	12183	12033	11677	5463	3660	3638	3599	12800	12601	12033	5556	3753	3603	3670	12820	12165	5607	3734	3668	3674	12258	5522	3730	3745	3662	5522	3995	3836	3928	3416	3317	3380	4082	4211	7720
12562	12292	12335	10972	11100	11772	12429	12391	12375	11529	5756	3726	3750	3758	12564	12387	11092	10951	11973	12281	12356	12107	11492	5595	3748	3853	3749	12558	10864	11066	11970	12403	12532	12317	11621	5614	3792	3825	3781	11018	11085	11811	12647	12448	12311	11642	5722	3811	3799	3769	12829	11916	10978	11015	10919	10551	5426	3694	3649	3640	12100	10981	11067	10999	10582	5400	3705	3680	3756	11958	11912	12000	11264	5559	3709	3705	3704	12547	12495	11552	5671	3748	3807	3686	12487	11811	5730	3899	3776	3833	11928	5695	3856	3925	3856	5684	4318	4117	4037	3487	3508	3476	4291	4278	7855
15661	13686	13339	12207	12278	12769	12660	12532	12303	11800	6366	4922	4872	4911	13665	13453	12257	12240	12748	12679	12490	12335	11834	6366	4930	4916	4920	13845	12383	12455	12974	13028	12747	12505	11993	6510	5035	5034	5045	12683	12586	13279	13359	12997	12623	12069	6754	5120	5114	5127	17563	14397	12572	12343	12182	11802	6271	4862	4852	4967	14409	12514	12416	12178	11660	6230	4897	4872	4871	13052	12843	12675	12067	6669	5305	5194	5160	13280	13040	12171	6886	5236	5151	5274	13843	12754	7139	5746	5753	5785	13227	6887	6311	6253	6379	6231	9010	6387	6359	5301	5409	5429	6611	6508	11269
13648	12991	12695	10773	10822	11715	12383	12305	12171	10716	7925	5846	5809	5866	12950	12635	10715	10678	11703	12463	12272	12051	10720	8015	5809	5791	5956	13391	10772	10670	12029	13043	12805	12514	11038	8110	5936	5828	5864	10899	10820	11936	13148	12990	12678	11048	8042	5905	5791	5841	14518	12448	10664	10590	10582	9827	7617	5732	5743	5755	12554	10618	10587	10420	9720	7617	5745	5760	5803	11773	11639	11374	10421	8020	5986	5904	5966	13179	12666	10997	8164	5868	5815	5828	13082	11496	8242	6081	5961	6126	11992	8227	6326	6467	6439	8021	8245	7032	7011	5839	5858	5884	7092	7012	11836
12378	10169	9771	8531	8580	9088	9049	8708	8415	7881	5837	4495	4495	4595	10179	9718	8549	8506	9091	9063	8741	8393	7839	5829	4546	4520	4570	10215	8817	8737	9417	9255	8980	8776	8135	6112	4757	4689	4724	8941	8932	9682	9575	9215	8862	8208	6261	4820	4852	4870	14469	10722	8920	8526	8490	7908	5693	4511	4532	4545	10679	8895	8618	8426	7860	5665	4529	4533	4550	9504	9148	8940	8211	6343	4883	4804	4863	9558	9178	8392	6635	4914	5015	4932	10233	8975	6878	5673	5572	5621	9587	6467	6108	6214	6160	5613	9308	6291	6327	5088	5155	5120	6247	6256	10862
14080	11818	11354	10406	10347	10795	10783	10540	10300	9852	5201	3934	4036	3944	11731	11382	10303	10331	10803	10716	10434	10265	9809	5139	3987	3982	4025	11774	10492	10486	10988	11018	10690	10558	9909	5434	4095	4100	4125	10757	10639	11325	11399	10975	10722	10111	5624	4246	4287	4253	15790	12243	10735	10454	10293	9767	5063	3953	3967	4001	12293	10654	10356	10183	9830	5090	4001	3971	3984	11188	10965	10651	9989	5637	4195	4208	4319	11271	10880	10242	5864	4315	4312	4382	11753	10686	6119	4856	4820	4872	11259	5807	5430	5345	5439	5016	8060	5367	5417	4437	4520	4475	5473	5456	9710
11978	11627	11650	10106	10030	11048	11426	11473	11440	10494	5910	4058	4066	4001	11648	11683	9973	10113	11031	11478	11496	11235	10378	5934	3925	4067	4073	11897	10240	10109	11095	11693	11780	11552	10599	6066	4097	4190	4139	10299	10127	11155	11750	11780	11609	10600	6060	4104	4052	4094	12376	11031	10184	10089	10024	9358	5701	3931	3934	3942	11054	10053	9810	9897	9391	5593	3953	3883	4012	10902	11121	10902	10035	5866	4068	4023	4048	11735	11767	10651	6058	4048	4041	4110	11843	10716	6089	4055	4128	4205	11059	6101	4295	4240	4215	5980	4880	4560	4626	3686	3688	3792	4713	4612	8326
12649	12486	12342	10693	10707	11558	12278	12087	12145	11094	6325	4320	4346	4334	12554	12328	10688	10631	11599	12289	12151	12054	11160	6289	4374	4382	4376	12658	10739	10714	11733	12512	12489	12173	11284	6377	4371	4336	4396	10788	10812	11701	12550	12527	12332	11345	6465	4397	4371	4306	12984	11785	10765	10596	10440	10066	5980	4281	4252	4287	11672	10642	10684	10435	10082	6037	4182	4293	4224	11650	11728	11757	10784	6325	4343	4348	4394	12397	12392	11282	6327	4289	4392	4403	12528	11421	6493	4376	4484	4388	11832	6508	4573	4600	4484	6459	5273	4829	4829	4052	4085	4028	5033	4936	8915
12225	11747	11654	9794	9912	10822	11591	11337	11205	10230	6605	4518	4599	4736	11798	11690	9888	9802	10801	11487	11332	11127	10037	6524	4619	4598	4665	12003	9984	9963	10961	11903	11755	11603	10431	6700	4617	4684	4704	9949	9970	10917	11975	11843	11653	10434	6662	4651	4681	4685	12935	11209	9820	9798	9633	8984	6143	4390	4544	4617	11198	9976	9767	9710	9049	6242	4403	4472	4562	10978	10879	10663	9788	6462	4509	4590	4590	11927	11695	10541	6741	4608	4695	4692	11937	10466	6905	4746	4796	4823	10965	6819	4937	4909	5043	6510	5975	5359	5404	4363	4357	4391	5289	5363	9235
13452	11467	11110	10137	10202	10632	10573	10349	10280	9831	5135	3902	3832	3870	11488	11138	10185	10222	10567	10576	10385	10202	9769	5111	3842	3855	3817	11539	10411	10356	10869	10806	10582	10330	9838	5238	3990	3989	3973	10603	10540	11188	11131	10769	10475	10040	5598	4061	4031	4060	15070	11957	10553	10239	10142	9753	5097	3862	3818	3834	11931	10428	10339	10109	9772	5023	3882	3880	3887	10986	10654	10459	10064	5407	4141	4075	4005	11047	10721	10136	5718	4182	4151	4235	11535	10558	5945	4556	4676	4645	11038	5571	5019	5040	4953	4918	7365	5089	5033	4269	4210	4288	5100	5273	9125
13419	13384	13399	12144	12292	13073	13353	13298	13176	12809	5747	3878	3679	3774	13404	13278	12171	12389	12991	13320	13274	13242	12808	5705	3872	3667	3787	13415	12334	12501	12940	13374	13392	13275	12753	5708	3864	3748	3767	12368	12430	12964	13384	13307	13267	12914	5711	3942	3741	3821	13531	12883	12228	12290	12189	11949	5612	3874	3712	3705	13056	12327	12350	12351	12003	5617	3849	3677	3706	12880	13020	12798	12500	5664	3792	3761	3698	13412	13354	12902	5670	3844	3745	3701	13448	12702	5694	3767	3726	3721	13087	5722	3854	3803	3780	5811	4153	3979	3870	3472	3554	3409	4271	4323	7808
11510	11265	11029	9421	9396	10456	10871	10898	10743	9800	5784	3931	3851	3970	11184	11165	9419	9411	10473	10925	10854	10681	9712	5797	3941	3949	3889	11500	9494	9522	10549	11249	11328	11124	9896	5932	3969	3965	3937	9538	9442	10584	11296	11374	11123	9948	5888	3970	3904	4031	11989	10681	9437	9422	9413	8629	5466	3792	3809	3979	10590	9468	9354	9272	8743	5512	3878	3840	3900	10485	10482	10313	9444	5660	3913	4003	3974	11453	11131	10128	5847	3928	3905	4036	11361	10101	5866	3998	3990	4103	10536	5994	4116	4255	4148	5730	4956	4530	4518	3636	3651	3696	4527	4490	8371
15645	13418	12962	11770	11705	12296	12229	12030	11756	11112	7068	5642	5648	5555	13365	12947	11778	11773	12223	12214	11883	11646	11228	7029	5556	5601	5586	13544	12005	11987	12659	12601	12276	12018	11504	7372	5820	5732	5706	12312	12312	12944	13015	12496	12192	11498	7627	5804	5931	5894	17595	13948	12187	11838	11644	11127	7023	5521	5551	5563	14008	12189	11770	11687	11124	6992	5543	5622	5607	12848	12404	12194	11449	7497	5838	5905	5925	12813	12583	11734	8001	6016	6079	6011	13477	12271	8224	6597	6609	6605	12838	7870	7152	7222	7106	6930	10183	7354	7311	6108	6022	6131	7388	7463	12270
13703	13593	13531	12132	12148	13035	13581	13513	13415	12717	6152	4123	4182	4188	13722	13630	12181	12313	13132	13511	13575	13541	12768	6175	4147	4097	4095	13721	12332	12267	13219	13682	13689	13617	12849	6262	4091	4172	4211	12260	12320	13097	13755	13677	13647	12981	6206	4205	4243	4128	14077	13020	12210	12188	12200	11703	5925	4098	4133	4161	12917	12222	12043	12236	11753	6017	4090	4151	4142	13106	12915	12913	12460	6181	4167	4102	4231	13814	13577	12903	6339	4133	4143	4127	13754	12891	6329	4232	4100	4219	13074	6288	4290	4345	4200	6171	4553	4394	4452	3757	3809	3889	4751	4723	8563
16701	14695	14378	13259	13377	13703	13778	13480	13295	12874	7155	5441	5420	5433	14812	14409	13255	13285	13766	13712	13460	13310	12833	7142	5465	5428	5407	14704	13444	13514	14066	14065	13678	13477	12954	7306	5600	5585	5547	13737	13815	14296	14323	13947	13728	13060	7527	5718	5670	5647	18304	15138	13625	13366	13239	12802	6975	5442	5283	5373	15140	13629	13301	13189	12742	7072	5457	5326	5321	14255	13857	13582	13083	7553	5679	5574	5635	14319	13908	13249	7893	5806	5766	5838	14762	13747	8034	6137	6277	6149	14338	7649	6778	6764	6784	6993	9253	6788	6766	5833	5772	5773	6946	7008	11650
16639	16525	16454	15242	15242	16112	16332	16416	16360	15888	6298	4782	4649	4648	16391	16489	15275	15413	16006	16308	16418	16478	16012	6380	4733	4727	4629	16400	15182	15212	15832	16518	16511	16545	15927	6264	4694	4656	4548	15116	15040	15866	16504	16487	16544	15978	6246	4662	4610	4550	16828	16056	15107	15084	15122	15052	6516	4856	4788	4804	15985	15178	15267	15185	15166	6429	4791	4797	4694	15713	15743	15808	15789	6510	4838	4868	4740	16616	16402	15893	6242	4663	4612	4499	16485	15846	6333	4785	4652	4636	15920	6363	4746	4672	4619	6456	5007	4880	4879	5164	5205	5135	6281	6321	10509
18306	16713	16379	15346	15371	15808	15625	15610	15424	14946	7341	5523	5721	5704	16701	16224	15405	15438	15844	15551	15462	15370	14874	7480	5593	5717	5638	16695	15486	15487	16001	15889	15824	15499	14972	7494	5577	5726	5695	15666	15679	16240	16252	16101	15697	15117	7669	5674	5889	5831	20001	17201	15523	15407	15310	14940	7488	5598	5843	5712	17260	15460	15365	15230	14892	7474	5506	5711	5662	15906	15852	15735	15213	7893	5830	6040	5983	16214	15796	15172	7752	5712	5903	5870	16727	15777	8078	6124	6336	6216	16304	7889	6707	6820	6857	7294	9163	7151	6946	6104	6216	6085	7395	7383	12286
11315	10910	10806	9147	9116	10079	10741	10825	10554	9497	5673	3878	3858	3957	10890	10664	9059	9218	10166	10685	10785	10569	9473	5797	3836	3805	3948	11088	9365	9307	10355	10982	11107	10902	9807	5805	3909	3825	3994	9296	9375	10224	11103	10969	10877	9604	5765	3865	3957	3867	11892	10486	9223	9114	9133	8414	5444	3710	3770	3722	10385	9275	9131	9050	8467	5333	3731	3823	3839	10264	10156	10173	9190	5571	3826	3842	3863	11095	10958	9645	5829	3947	3961	3927	11179	9852	5863	3996	3942	4080	10239	5852	4129	4054	4097	5616	4752	4405	4394	3592	3612	3625	4404	4494	8057
11378	11015	10919	9174	9214	10224	10761	10621	10384	9464	6320	4365	4436	4499	11064	10922	9215	9213	10299	10726	10603	10424	9421	6402	4439	4472	4468	11209	9363	9336	10385	11046	10988	10801	9658	6458	4500	4456	4445	9286	9172	10435	11173	11119	10832	9629	6560	4353	4428	4409	12289	10571	9281	9116	9113	8447	6035	4271	4399	4349	10575	9122	9043	9082	8555	5896	4276	4403	4365	10209	10177	9956	9133	6244	4439	4370	4452	11164	10963	9716	6529	4409	4538	4554	11158	9733	6720	4559	4579	4553	10185	6644	4784	4829	4782	6404	5838	5175	5118	4097	4143	4149	5204	5167	9050
13360	13381	13236	11700	11624	12707	13258	13172	13145	12232	5771	3974	3940	3970	13225	13169	11731	11753	12706	12996	13259	13094	12232	5750	3928	3827	3895	13281	11637	11634	12698	13243	13271	13108	12333	5753	3944	3897	3927	11679	11644	12648	13266	13209	13103	12279	5752	3959	3840	3978	13722	12652	11670	11648	11717	11082	5653	3877	3774	3826	12583	11665	11622	11501	11168	5644	3935	3882	3885	12526	12622	12680	11875	5745	3821	3932	4023	13386	13125	12265	5644	3938	3833	3957	13356	12616	5774	3887	3908	3934	12677	5806	4040	3984	4075	5785	4513	4188	4162	3547	3687	3610	4533	4548	8169
13842	13574	13444	11597	11696	12666	13102	13083	13030	11912	7826	5610	5585	5564	13528	13451	11701	11567	12718	13230	13169	13010	11857	7830	5657	5562	5598	13700	11499	11685	12835	13534	13428	13271	12170	7952	5594	5643	5595	11790	11651	12671	13682	13601	13350	12204	7939	5633	5669	5611	14501	13046	11627	11572	11437	10704	7369	5481	5447	5405	12835	11572	11562	11486	10688	7385	5389	5429	5310	12779	12677	12525	11565	7610	5553	5543	5574	13542	13470	12109	8006	5649	5563	5690	13706	12346	8100	5758	5672	5735	12781	8117	5994	5818	5910	7788	7039	6266	6261	5262	5274	5360	6389	6332	10819
18028	16114	15557	14394	14418	15009	14955	14592	14479	13919	8339	6400	6346	6538	16000	15553	14527	14400	14986	14872	14569	14523	13908	8272	6481	6361	6458	16132	14640	14677	15237	15166	14945	14649	13981	8612	6567	6549	6637	14891	14872	15492	15611	15082	14857	14168	8798	6661	6663	6766	19724	16764	14741	14382	14432	13859	8365	6431	6415	6452	16613	14750	14398	14304	13772	8279	6356	6367	6453	15417	15021	14832	14191	8781	6694	6723	6802	15467	15156	14256	8949	6820	6705	6808	16007	14928	9337	7403	7393	7459	15558	8972	7967	7989	8053	8244	10821	7996	8167	6932	6979	6971	8349	8379	13547
13251	12952	13134	11826	11838	12637	13194	12947	13072	12458	5848	3940	4014	3911	13159	13028	11907	11860	12711	13076	13061	12963	12413	5746	3955	3906	3869	13217	11909	11937	12818	13299	13116	13133	12590	5971	3961	3854	3883	11855	11824	12674	13329	13080	13214	12611	5800	3886	4009	3896	13522	12547	11901	11769	11636	11341	5581	3880	3874	3907	12508	11954	11878	11656	11224	5660	3934	3849	3876	12736	12640	12558	12140	5741	3923	3948	3903	13261	12987	12590	5793	3862	3944	3824	13043	12543	5853	4043	3992	3882	12675	5925	4023	3969	4017	5730	4274	4226	4155	3648	3713	3548	4355	4393	8142
11347	11216	11172	10061	9997	10714	11173	11203	11039	10340	5202	3425	3397	3511	11293	11192	9936	9977	10757	11059	11136	11035	10454	5051	3420	3492	3388	11347	10069	10021	10799	11424	11102	11220	10519	5125	3391	3416	3379	10062	10165	10799	11361	11215	11187	10556	5096	3454	3461	3500	11531	10757	9983	10031	10018	9600	4836	3393	3450	3365	10683	9896	9945	9983	9377	4967	3426	3368	3334	10744	10810	10782	10183	5004	3435	3452	3431	11353	11198	10512	5072	3417	3464	3398	11200	10579	5181	3511	3446	3514	10714	5218	3506	3519	3603	5128	3836	3724	3652	3177	3117	3138	3958	3877	7164
16971	14795	14214	13207	13124	13766	13562	13475	13013	12628	6554	4959	5010	4992	14814	14259	13195	13140	13681	13639	13357	13162	12717	6557	4972	5081	5092	14716	13410	13361	13886	13962	13452	13303	12776	6850	5188	5179	5249	13497	13597	14273	14193	13733	13465	12920	6986	5318	5308	5333	18831	15295	13514	13191	13039	12576	6438	4976	4975	5001	15318	13515	13223	13099	12608	6550	5075	5040	5093	14179	13821	13503	12901	6924	5322	5344	5359	14156	13853	13164	7261	5549	5431	5500	14687	13584	7588	6026	6015	5973	14182	7185	6431	6508	6467	6457	9356	6519	6643	5436	5464	5501	6842	6645	11534
14117	11898	11347	10149	10193	10677	10623	10221	10100	9483	6807	5388	5369	5416	11957	11375	10166	10232	10762	10800	10438	10089	9490	6778	5474	5508	5521	11921	10434	10400	11168	11034	10617	10341	9754	7128	5711	5619	5651	10578	10587	11414	11403	10921	10462	9877	7372	5713	5694	5734	16084	12608	10543	10214	10056	9468	6707	5493	5369	5440	12518	10560	10261	10004	9395	6813	5455	5371	5450	11219	10811	10550	9810	7299	5763	5722	5844	11324	10996	10030	7661	5996	5886	6012	11889	10617	8083	6524	6498	6484	11284	7605	7097	7149	7160	6780	10255	7190	7353	6053	6124	6131	7308	7336	12172
12915	12679	12633	11160	11166	12147	12676	12574	12374	11672	6241	4106	4224	4184	12666	12664	11059	11274	11979	12460	12700	12521	11595	6185	4111	4126	4192	12899	11201	11167	12212	12772	13042	12737	11886	6220	4130	4140	4216	11163	11223	12188	12865	12912	12795	11967	6223	4116	4169	4197	13153	12060	11178	11093	11040	10599	5925	4097	4107	4140	12062	11144	11238	11098	10601	5843	4126	4044	4068	12229	12122	12016	11455	6104	4162	4130	4118	12753	12660	11781	6258	4243	4149	4279	12785	12010	6373	4181	4230	4248	12119	6331	4345	4276	4365	6223	4808	4545	4587	3856	3931	3828	4839	4806	8570
16953	14769	14583	13512	13559	14033	14105	13813	13576	13128	5781	4262	4344	4271	14875	14540	13589	13574	13989	14032	13824	13657	13230	5795	4390	4350	4341	14964	13721	13771	14246	14359	13920	13842	13261	5802	4387	4439	4369	13964	13924	14489	14559	14140	14046	13378	6072	4531	4449	4443	18594	15460	13985	13685	13466	13116	5609	4339	4283	4219	15315	13835	13700	13561	13111	5666	4332	4295	4198	14424	14214	13903	13429	6021	4522	4496	4472	14544	14246	13496	6250	4628	4651	4592	15046	13899	6527	4964	5135	5041	14490	6271	5374	5523	5468	5512	7854	5584	5425	4647	4654	4724	5660	5702	10094
16346	14231	13933	12787	12757	13372	13163	13055	12773	12370	5658	4255	4247	4228	14232	13797	12759	12796	13273	13094	13051	12793	12357	5594	4295	4297	4276	14270	12928	12896	13557	13476	13356	13024	12470	5745	4352	4313	4358	13217	13146	13758	13752	13432	13192	12515	6042	4407	4492	4493	18204	14669	13078	12925	12667	12250	5536	4222	4174	4226	14657	13061	12930	12627	12277	5474	4096	4228	4199	13601	13356	13082	12522	5948	4467	4434	4405	13681	13270	12746	6302	4563	4635	4515	14172	13084	6490	5010	4969	4967	13609	6215	5433	5556	5391	5508	8041	5570	5630	4615	4667	4610	5651	5741	10148
15137	12872	12478	11366	11381	12098	11381	11575	11671	11073	6421	5093	5159	5020	12904	12398	11416	11431	11943	11501	11603	11594	10905	6435	5048	5140	5110	13227	11157	11181	11740	12116	12067	11741	10860	6187	4881	4894	4892	11331	11299	11960	12341	12354	11843	10952	6334	5005	5007	4955	17033	13987	10777	11104	11279	11000	6784	5383	5471	5372	13957	10829	11097	11250	10978	6750	5378	5425	5357	11385	11674	11779	11268	7263	5576	5586	5576	12338	11769	10761	6128	4821	4820	4852	13126	11534	6761	5444	5392	5420	12493	6825	6140	6108	6109	6593	8882	6646	6640	6253	6151	6165	7573	7501	12570
16121	13540	13077	11899	11909	12476	12318	12045	11897	11334	6008	4555	4622	4627	13483	13086	11861	11845	12425	12383	12041	11773	11347	5932	4524	4597	4575	13633	12116	12156	12822	12807	12377	12137	11456	6313	4805	4745	4755	12321	12348	13074	13065	12635	12275	11675	6412	4870	4852	4899	18170	14003	12220	12009	11818	11337	5838	4569	4597	4594	13989	12208	11922	11867	11295	5880	4537	4515	4626	12945	12480	12261	11584	6425	4812	4811	4887	12874	12549	11781	6866	5057	5005	5119	13522	12374	7069	5553	5478	5531	12972	6715	6112	6070	6157	5855	9142	6100	6248	5135	5049	5174	6265	6208	11023
18580	16777	16368	15382	15372	15826	15609	15542	15406	14857	7559	5929	5764	5812	16747	16422	15452	15381	15930	15674	15566	15403	14854	7470	5859	5809	5749	16945	15452	15448	16044	16046	15749	15551	14968	7549	5879	5775	5799	15724	15733	16283	16409	16089	15715	15021	7695	5972	5939	5934	20260	17464	15414	15399	15273	14747	7527	5869	5768	5808	17432	15462	15338	15302	14804	7473	5866	5819	5811	15982	15808	15707	15138	8038	6149	6078	6019	16315	15974	15047	7936	5961	5833	5867	16880	15680	8225	6544	6399	6394	16364	8017	7186	6951	6957	7443	9665	7233	7177	6361	6320	6267	7627	7546	12697
12678	12622	12476	10917	11050	11860	12550	12323	12288	11419	6266	4042	4065	4124	12612	12518	10878	10994	11859	12468	12370	12217	11501	6123	4069	4137	4157	12839	10937	10953	11933	12694	12717	12543	11632	6203	4044	4182	4181	10923	11021	12050	12694	12739	12601	11573	6214	4073	4203	4075	13115	12038	10823	10955	10852	10283	5885	3989	4071	4032	12005	10945	10930	10812	10377	5999	4023	4056	4023	11980	11975	11741	11046	6127	4013	4098	4039	12832	12716	11586	6212	4023	4183	4230	12639	11691	6198	4118	4245	4201	11938	6212	4132	4306	4369	6129	4832	4613	4583	3747	3847	3785	4703	4712	8521
13569	13129	12914	11086	11065	12281	12722	12768	12642	11588	6751	4831	4817	4876	13042	12979	11052	10985	12204	12710	12551	12482	11461	6748	4836	4856	4826	13416	11024	11041	12252	13157	13123	13023	11750	6777	4947	4861	4813	10960	11095	12245	13322	13207	13078	11652	6792	4785	4866	4756	14163	12499	10800	10987	10983	10384	6611	4790	4836	4701	12490	10960	10965	10885	10330	6552	4800	4815	4753	12145	12184	12162	11139	6775	4854	4878	4856	13313	13087	11692	6819	4736	4781	4767	13177	11864	6900	4873	4813	4950	12331	6868	4998	5033	4998	6822	6022	5488	5460	4714	4809	4780	5861	5702	10160
15097	13075	12582	11379	11382	11897	11693	11460	11241	10556	7841	6168	6225	6295	12988	12528	11238	11325	11893	11671	11465	11251	10597	7835	6124	6154	6200	13088	11502	11499	12231	12152	11879	11496	10787	7916	6290	6367	6277	11721	11705	12481	12382	12072	11749	10948	8342	6412	6454	6464	17190	13881	11477	11346	11160	10675	7820	6344	6338	6387	13841	11450	11321	11233	10627	7783	6251	6392	6395	12231	12034	11710	10910	8422	6524	6620	6651	12342	11926	10892	8475	6413	6468	6413	13138	11742	8865	7127	7183	7238	12532	8619	7815	7829	7983	7777	11181	8210	8083	6948	7020	7034	8327	8338	13522
13887	13611	13505	11944	11881	12724	13486	13405	13254	12398	7041	4687	4740	4667	13581	13474	11706	11807	12730	13295	13433	13141	12334	6830	4744	4666	4695	13586	11825	11903	12837	13749	13560	13344	12589	6998	4832	4731	4697	11683	11863	12889	13746	13651	13414	12542	6964	4697	4772	4710	13967	12913	11770	11877	11735	11104	6653	4548	4585	4600	12833	11806	11748	11674	11094	6678	4563	4600	4645	12728	12653	12594	11844	6847	4704	4716	4701	13685	13510	12305	6999	4723	4746	4769	13755	12556	7120	4724	4783	4747	12910	7058	4809	4823	4874	6864	5502	5165	5175	4443	4386	4305	5260	5212	9502
15176	14975	14967	13744	13696	14499	14963	14906	14731	14126	7758	5359	5444	5407	14938	14998	13691	13608	14483	15019	14991	14740	14042	7744	5405	5456	5372	15022	13644	13662	14608	15009	14976	15049	14079	7805	5359	5495	5460	13544	13657	14605	15098	15093	14977	14225	7827	5385	5437	5387	15439	14479	13536	13618	13508	13039	7625	5231	5432	5351	14440	13473	13483	13626	13077	7596	5253	5392	5391	14520	14462	14453	13791	7721	5346	5409	5427	15109	15046	14193	7835	5427	5438	5426	14960	14302	7814	5332	5492	5503	14515	7791	5479	5548	5579	7790	6003	5901	5797	4930	4975	4920	5964	6071	10365
15638	13568	13265	12113	12196	12553	12548	12241	12127	11704	5666	4470	4377	4370	13594	13190	12148	12137	12506	12545	12353	12128	11581	5670	4386	4343	4297	13693	12341	12267	12885	12782	12594	12252	11666	5725	4467	4408	4376	12454	12451	13044	13037	12749	12572	11809	5898	4613	4655	4469	17594	14204	12400	12160	12018	11451	5577	4371	4325	4339	14227	12347	12113	11948	11438	5560	4377	4303	4350	12928	12585	12363	11756	6026	4595	4670	4524	13136	12822	11935	6138	4680	4659	4587	13504	12556	6462	5179	5128	5044	13039	6296	5751	5745	5554	5541	8665	5838	5806	4795	4916	4842	5934	5988	10723
13397	11181	10416	9239	9220	9848	9748	9397	9197	8613	6667	5356	5551	5462	11077	10550	9294	9282	9864	9669	9296	9169	8553	6717	5449	5422	5515	11109	9424	9447	10129	10220	9754	9395	8667	6964	5510	5646	5592	9643	9616	10374	10435	9900	9593	8846	7135	5693	5793	5679	15494	11791	9555	9387	9014	8597	6608	5387	5349	5369	11734	9485	9236	9035	8565	6661	5327	5408	5349	10318	9943	9648	8756	7340	5716	5723	5755	10421	9946	9009	7564	5707	5817	5709	10979	9639	7914	6398	6380	6348	10356	7430	7049	7148	7141	6641	10667	7341	7312	6158	6129	6143	7414	7547	12469
16751	14558	14100	13129	13180	13659	13555	13268	13139	12703	6255	4669	4717	4741	14574	14161	13171	13173	13676	13570	13367	13237	12619	6297	4777	4732	4895	14571	13330	13307	13803	13824	13524	13298	12855	6466	4887	4888	4888	13526	13507	14123	14149	13706	13470	12913	6679	4976	4994	4963	18506	15006	13431	13250	12966	12556	6200	4749	4693	4749	15023	13427	13265	13005	12570	6216	4672	4573	4723	13943	13712	13460	12882	6695	4975	4899	5056	14045	13874	13060	7081	5074	5135	5248	14618	13507	7179	5570	5528	5618	14007	6824	6113	6105	6135	6091	8720	6114	6124	5215	5132	5035	6300	6261	10871
10802	8847	8343	7160	7161	7645	7569	7342	7160	6557	5838	4712	4664	4658	8873	8350	7214	7263	7810	7715	7328	7291	6486	5845	4590	4733	4746	8943	7464	7367	8088	7990	7698	7394	6752	5989	4927	4848	4789	7630	7622	8344	8274	7939	7662	6910	6293	4912	4906	4871	12836	9565	7442	7272	6944	6491	5710	4582	4693	4603	9632	7395	7233	7055	6522	5719	4574	4733	4664	8179	7788	7465	6816	6359	4952	4973	4966	8294	7916	7078	6690	5047	5088	5191	8990	7675	6867	5689	5705	5696	8265	6495	6238	6385	6404	5686	9479	6322	6422	5369	5357	5332	6431	6373	11048
14470	12564	12035	11206	11200	11539	11506	11310	11113	10666	5083	4006	4129	4060	12509	12025	10998	11162	11507	11512	11245	11218	10671	5147	3923	4041	4030	12458	11393	11319	11830	11819	11543	11319	10826	5318	4020	4139	4087	11407	11515	11976	12015	11685	11354	10916	5517	4102	4220	4239	16168	12968	11404	11275	11009	10590	5017	3996	4039	3946	13027	11451	11200	10967	10649	5037	3934	4023	3934	11888	11646	11403	10885	5497	4229	4243	4252	12054	11700	11132	5678	4361	4369	4366	12506	11465	6045	4831	4815	4675	12080	5729	5149	5213	5257	5096	7729	5286	5291	4387	4402	4409	5472	5354	9586
17955	16296	15942	15241	15320	15681	15234	15446	15426	15017	6354	4860	4872	4956	16292	15951	15357	15431	15739	15210	15504	15409	14976	6336	4762	4865	4921	16529	15161	15130	15515	15744	15745	15428	14882	6220	4735	4690	4762	15207	15206	15637	15941	15985	15661	15003	6268	4708	4770	4788	19405	17020	14859	15106	15186	14993	6638	5056	5020	5083	17007	14875	15097	15114	15072	6592	5044	5029	5111	15235	15481	15645	15322	6994	5208	5159	5196	15871	15502	14889	6154	4745	4706	4766	16428	15500	6517	5163	5022	5057	15982	6579	5596	5448	5497	6473	7306	5920	5933	5534	5499	5462	6664	6653	11174
13848	11555	11008	9839	9887	10476	10321	10048	9841	9223	5621	4494	4501	4464	11565	11063	9869	9856	10465	10358	10089	9938	9221	5688	4438	4499	4462	11665	10069	10116	10813	10709	10316	10025	9427	5937	4605	4626	4699	10448	10374	11117	11113	10689	10317	9655	6311	4711	4676	4794	15986	12209	10211	10030	9681	9231	5646	4360	4428	4362	12175	10206	9920	9662	9325	5613	4423	4420	4355	10917	10515	10208	9559	6121	4711	4691	4713	10884	10577	9753	6578	4951	4813	4849	11516	10226	6772	5444	5415	5419	10881	6465	5957	6035	6099	5501	9202	6140	6182	5034	4963	4936	6178	6223	11021
11898	9977	9534	8295	8480	8982	8900	8543	8310	7777	5540	4304	4428	4454	9913	9468	8442	8474	9052	8880	8523	8298	7776	5519	4261	4355	4419	9975	8576	8632	9242	9268	8663	8584	7857	5587	4371	4456	4476	8784	8767	9433	9527	8987	8641	8095	5718	4459	4474	4463	13952	10587	8623	8392	8244	7705	5311	4250	4286	4324	10643	8572	8348	8205	7694	5299	4253	4393	4338	9273	8968	8710	8038	5944	4582	4646	4558	9367	8906	8136	5971	4638	4652	4742	10025	8801	6347	5162	5136	5140	9313	6102	5784	5739	5800	5400	8847	5946	6032	5009	4991	4910	6010	6003	10687
14808	12905	12390	11394	11381	11870	11798	11525	11307	10814	6263	4899	4884	4943	12832	12516	11311	11273	11793	11768	11579	11310	10785	6168	4861	4805	4839	12783	11555	11490	12025	12140	11728	11555	11010	6358	5008	5016	4960	11768	11800	12476	12384	12011	11745	11065	6668	5041	5056	5072	16607	13348	11665	11479	11304	10666	6121	4824	4867	4781	13345	11707	11385	11211	10665	6138	4831	4808	4780	12270	11943	11692	10990	6519	5007	5126	5018	12383	11995	11225	6966	5279	5226	5190	12899	11739	7226	5698	5852	5618	12220	6782	6192	6348	6295	6041	9089	6360	6315	5380	5305	5474	6588	6433	11014
14559	12908	12455	11561	11472	11893	11845	11678	11508	11131	4514	3388	3439	3434	12785	12423	11508	11505	11902	11960	11673	11489	11123	4493	3369	3404	3364	12963	11717	11680	12229	12286	12008	11634	11300	4574	3446	3464	3467	11856	11967	12407	12426	12078	11935	11417	4873	3540	3569	3568	16374	13260	11680	11565	11499	11118	4404	3342	3396	3354	13298	11778	11539	11594	11143	4352	3428	3444	3370	12202	11948	11760	11355	4809	3560	3578	3570	12388	12043	11545	4922	3588	3701	3692	12862	11885	5184	4042	3998	3963	12380	5035	4506	4579	4488	4368	6694	4518	4587	3746	3799	3767	4798	4727	8585
12059	10356	9864	8894	8889	9293	9236	9078	8831	8305	5303	4176	4215	4274	10323	9883	8788	8744	9289	9228	9025	8782	8275	5450	4138	4249	4288	10348	9002	9032	9595	9537	9293	9114	8491	5531	4269	4320	4279	9134	9238	9810	9969	9539	9200	8573	5750	4334	4364	4395	13960	10852	9025	8908	8732	8290	5321	4194	4213	4288	10863	8993	8870	8777	8226	5377	4174	4268	4194	9677	9444	9188	8558	5843	4472	4441	4572	9873	9463	8675	5972	4505	4524	4527	10266	9267	6249	5010	4988	5016	9751	6040	5509	5646	5598	5323	8278	5712	5798	4776	4791	4696	5834	5806	9997
18185	15874	15292	14045	13990	14598	14490	14252	14006	13333	9923	8023	8031	8060	15920	15360	13999	13947	14572	14580	14270	13922	13228	9927	7917	7986	8004	15985	14253	14249	15021	14966	14619	14280	13365	10283	8221	8153	8214	14464	14525	15382	15365	14851	14558	13664	10674	8269	8450	8300	20128	16567	14425	14079	13868	13197	9809	7913	7813	7856	16533	14353	14021	13901	13252	9837	7913	7961	7964	15231	14760	14527	13632	10551	8273	8300	8316	15307	14803	13913	11050	8533	8475	8440	15855	14470	11240	9189	9172	9165	15205	10795	9956	9776	9832	9806	13082	9896	10007	8603	8555	8692	10082	10185	15683
13298	11746	11488	10690	10763	11030	11049	10897	10808	10413	4316	3341	3317	3241	11764	11555	10747	10716	11099	11053	10948	10703	10395	4229	3217	3258	3232	11792	10909	10836	11203	11275	11052	10876	10508	4343	3402	3383	3428	11001	10996	11410	11462	11283	11005	10532	4548	3430	3370	3446	14641	12141	10914	10763	10604	10334	4268	3260	3230	3247	12136	10862	10752	10681	10301	4377	3281	3253	3267	11252	11147	10996	10519	4605	3476	3388	3405	11493	11155	10532	4602	3474	3453	3434	11840	10980	4883	3918	3768	3779	11409	4713	4169	4098	4152	4252	6163	4243	4357	3638	3637	3635	4428	4441	7797
16698	14534	14157	12791	12893	13322	13374	12976	12816	12259	8050	6345	6242	6223	14659	14036	12857	12876	13365	13416	13029	12714	12252	8047	6234	6321	6244	14554	13079	13070	13782	13830	13311	12953	12395	8292	6444	6372	6329	13305	13332	14077	13975	13606	13270	12595	8520	6579	6645	6596	18566	15080	13192	12848	12664	12189	8049	6271	6261	6217	15143	13204	12874	12717	12211	7922	6264	6273	6236	13913	13520	13187	12538	8561	6561	6496	6537	13942	13533	12730	8889	6729	6818	6744	14490	13394	9088	7339	7280	7257	14011	8884	7956	7913	7889	7932	10958	7955	7998	6881	6750	6925	8181	8228	13284
12808	10871	10334	9191	9260	9785	9672	9361	9241	8682	5479	4342	4434	4430	10890	10306	9168	9158	9811	9679	9433	9304	8762	5482	4367	4401	4333	10750	9419	9328	9978	9953	9572	9450	8803	5716	4486	4608	4537	9662	9605	10346	10307	9908	9637	9009	6045	4604	4691	4625	14802	11321	9550	9296	9134	8637	5377	4307	4311	4356	11357	9462	9275	9075	8535	5427	4285	4355	4383	10212	9830	9573	9057	5946	4597	4664	4537	10238	9894	9256	6345	4755	4786	4799	10801	9732	6581	5238	5215	5198	10240	6200	5765	5821	5927	5454	8592	6008	5860	4876	4856	4939	5964	5916	10424
13797	11942	11677	10813	10839	11341	10886	10948	10958	10506	4751	3661	3689	3676	12017	11638	10748	10740	11331	10814	10963	10946	10548	4708	3752	3682	3753	12229	10717	10736	11160	11428	11309	11073	10421	4638	3563	3598	3642	10693	10760	11327	11622	11488	11149	10455	4647	3708	3603	3615	15367	12786	10507	10633	10701	10440	4869	3870	3935	3817	12823	10455	10680	10740	10555	4982	3851	3876	3890	10899	11044	11117	10682	5323	4065	4054	4055	11578	11054	10339	4606	3665	3532	3630	12059	10907	5023	3975	4052	4050	11596	5073	4513	4480	4585	4771	6633	4857	4811	4557	4518	4489	5399	5493	9510
16704	15106	14684	13841	13777	14299	14144	13935	13822	13495	5382	4035	3955	3970	14997	14628	13753	13841	14260	14143	14023	13849	13563	5340	3994	3919	4002	14981	13976	13956	14362	14400	14197	13995	13585	5497	4090	3989	4043	14152	14054	14613	14726	14324	14095	13715	5696	4199	4054	4080	18176	15496	13929	13927	13755	13479	5334	4022	3962	4051	15456	14014	13888	13768	13490	5387	4021	3915	4063	14621	14278	14112	13699	5698	4207	4170	4185	14597	14233	13777	5771	4170	4146	4293	15011	14142	6037	4614	4569	4597	14562	5900	5065	4952	5042	5221	7042	4996	5042	4414	4243	4309	5252	5204	9416
15483	13150	12537	11491	11524	11919	11969	11633	11434	10859	6510	5052	5078	5007	13064	12487	11413	11556	11830	11962	11611	11397	10899	6435	5029	5048	5052	13008	11640	11624	12187	12352	11935	11582	11082	6719	5183	5162	5188	11874	11880	12581	12643	12085	11799	11198	6906	5233	5333	5289	17229	13658	11798	11497	11307	10840	6471	5014	5026	5037	13537	11819	11549	11226	10740	6436	5102	5006	5048	12436	12094	11748	11088	6953	5298	5198	5335	12509	12122	11370	7212	5408	5373	5427	13117	11963	7481	5927	5948	6023	12377	7144	6537	6516	6500	6238	9542	6609	6669	5517	5546	5528	6832	6790	11519
17698	15519	15134	14008	13925	14491	14497	14182	13916	13520	6801	5272	5336	5309	15449	14992	14054	13971	14515	14470	14235	14012	13552	6691	5258	5327	5302	15612	14119	14167	14781	14774	14461	14076	13592	6880	5356	5430	5361	14444	14315	15130	15064	14632	14350	13767	7202	5561	5509	5569	19475	16023	14318	14183	13868	13394	6658	5202	5228	5295	15961	14336	14186	13953	13394	6624	5127	5282	5312	14938	14604	14289	13712	7172	5349	5425	5489	15003	14697	13936	7495	5553	5678	5551	15456	14411	7721	6075	6075	6024	14894	7349	6628	6666	6683	6620	9288	6662	6708	5645	5619	5689	6794	6766	11430
17763	15485	15234	14304	14306	14713	14756	14424	14330	13944	5480	4103	4177	4164	15560	15223	14355	14314	14664	14698	14436	14318	14011	5497	4141	4112	4159	15611	14438	14507	14894	14944	14716	14509	14076	5612	4165	4256	4197	14599	14638	15113	15271	14852	14653	14226	5879	4398	4294	4225	19153	15910	14570	14450	14221	13902	5382	4054	4115	4056	15858	14612	14432	14256	13856	5364	4021	4137	4068	15076	14855	14580	14150	5827	4327	4320	4270	15154	14908	14302	6064	4377	4433	4451	15456	14686	6269	4709	4863	4769	15085	5824	5101	5152	5055	5378	7169	5197	5213	4373	4505	4361	5263	5341	9440
15328	15257	15154	13907	14062	14752	15083	15083	15201	14264	7620	5368	5368	5329	15306	15162	13991	13927	14811	15085	15104	15126	14457	7604	5312	5339	5319	15459	13954	14029	14717	15269	15334	15234	14533	7548	5274	5276	5302	13916	13881	14723	15288	15343	15191	14503	7557	5366	5298	5266	15621	14719	13869	13846	13849	13345	7494	5286	5256	5240	14779	13893	13884	13821	13397	7423	5226	5276	5256	14667	14677	14654	14135	7507	5265	5335	5371	15134	15358	14484	7536	5282	5282	5373	15328	14611	7615	5331	5309	5269	14738	7711	5419	5427	5466	7715	5947	5702	5667	4956	4991	5015	6032	6021	10373
12026	11903	11696	10035	10112	10913	11567	11586	11323	10684	5781	3901	3844	3930	11718	11633	10045	10207	11039	11525	11531	11507	10627	5902	3808	3805	3853	11930	10178	10273	11136	11803	11671	11752	10756	5860	3908	3929	3853	10293	10198	11186	11854	11806	11793	10835	5814	3873	3751	3857	12175	11220	9989	9896	10153	9496	5482	3759	3704	3771	11176	10140	10094	10044	9520	5491	3729	3622	3757	11084	11079	10972	10196	5579	3819	3785	3856	11868	11636	10596	5728	3855	3827	4012	11994	10855	5885	3862	3837	3911	11185	5819	4003	3934	4012	5742	4553	4320	4396	3609	3503	3631	4551	4387	8106
16309	14537	14162	13299	13334	13756	13627	13449	13363	12899	5340	4097	4110	3997	14658	14188	13252	13300	13773	13632	13447	13419	12915	5277	4081	4115	4080	14637	13425	13366	13924	13919	13723	13520	12934	5481	4110	4076	4109	13641	13612	14071	14101	13902	13671	13020	5574	4178	4200	4217	17944	15053	13569	13381	13189	12828	5286	4048	4022	4042	15011	13549	13371	13239	12888	5229	4134	3940	4034	13998	13756	13578	13120	5588	4230	4267	4224	14106	13821	13251	5650	4340	4271	4254	14637	13699	5991	4704	4735	4747	14151	5698	5083	5175	5173	5158	7519	5367	5342	4496	4387	4441	5377	5398	9619
14393	14437	14244	12930	12847	13861	14206	14173	14256	13511	6789	4600	4659	4587	14296	14282	12975	12914	13768	14234	14251	14117	13565	6823	4604	4658	4582	14499	12969	12994	13931	14402	14469	14214	13550	6733	4556	4612	4709	12792	12915	13888	14402	14513	14338	13576	6879	4611	4720	4576	14668	13685	12930	12889	12885	12422	6562	4493	4520	4542	13668	12780	12947	12765	12466	6662	4503	4602	4532	13834	13747	13755	13210	6718	4539	4664	4619	14446	14255	13525	6887	4583	4692	4545	14364	13603	6823	4596	4683	4677	13804	6887	4687	4762	4764	6845	5147	4951	4935	4262	4166	4249	5233	5205	9414
13792	13525	13550	11536	11498	12540	13038	13027	12937	12103	7383	5231	5241	5109	13389	13337	11572	11448	12606	13156	13181	12933	12016	7403	5210	5239	5175	13703	11704	11628	12749	13543	13520	13300	12239	7494	5243	5154	5193	11718	11695	12904	13665	13780	13450	12300	7573	5221	5242	5216	14227	12779	11598	11567	11514	10856	7092	5168	4989	4941	12766	11554	11604	11436	10742	7026	5217	5091	4957	12648	12682	12422	11673	7243	5259	5110	5133	13584	13341	12338	7556	5257	5208	5169	13502	12443	7569	5376	5233	5294	12818	7737	5518	5468	5367	7411	6479	5807	5689	4892	4894	4863	5847	5855	10300
16635	14169	13636	12351	12330	13003	12938	12696	12308	11717	7961	6094	6426	6350	14112	13739	12384	12460	12983	12883	12748	12334	11759	7986	6154	6316	6381	14356	12587	12615	13278	13291	12894	12500	11986	8267	6402	6414	6493	12993	12989	13749	13686	13282	12911	12102	8461	6592	6660	6621	18637	14882	12750	12465	12208	11596	7807	6178	6299	6212	14859	12837	12553	12181	11648	7829	6172	6273	6200	13615	13072	12799	12075	8372	6524	6535	6574	13629	13136	12291	8848	6707	6764	6810	14185	12953	9228	7371	7406	7396	13516	8723	7987	8034	7991	7716	11183	8099	8175	6942	6795	6896	8260	8315	13547
12693	12643	12562	11100	11047	11810	12420	12321	12206	11528	5885	4210	4120	4118	12468	12408	10946	11080	11912	12302	12335	12337	11482	5947	4162	4177	4123	12728	11032	11094	11939	12696	12608	12646	11607	5920	4089	4122	4087	10875	10917	11898	12666	12619	12546	11587	5988	4167	4095	4138	13239	11991	10932	11033	10914	10444	5777	4104	4082	4045	12007	10965	11021	10987	10512	5809	4132	4132	4082	11808	11756	11799	11182	5994	4159	4163	4100	12468	12630	11566	5924	4105	4121	4125	12612	11751	5929	4154	4158	4217	11972	6074	4261	4244	4278	5955	4815	4542	4550	4010	4065	4064	4868	4906	8718
19379	17151	16778	15694	15693	16136	16201	15840	15726	15301	7735	6042	5986	5986	17215	16782	15689	15704	16167	16093	15879	15697	15265	7789	6001	6035	6016	17221	15954	15931	16392	16466	16062	15850	15323	7992	6139	6123	6040	16100	16167	16822	16705	16339	16107	15493	8248	6233	6304	6273	20867	17672	16014	15776	15635	15255	7766	5992	5930	6019	17602	15994	15739	15626	15147	7745	5974	5937	5943	16590	16180	16030	15477	8137	6182	6231	6192	16686	16401	15698	8626	6406	6357	6411	17190	16108	8760	6853	6805	6869	16649	8433	7319	7267	7258	7713	9796	7363	7374	6351	6192	6255	7548	7599	12398
14490	14396	14392	13225	13269	14001	14196	14251	14160	13816	5722	4027	4073	3997	14399	14342	13310	13110	13978	14289	14217	14369	13763	5672	4147	4072	4084	14430	13178	13218	13825	14488	14516	14381	13781	5679	4135	4043	4137	13211	13218	13922	14405	14462	14552	13822	5766	4107	4039	4090	14647	13968	13095	13080	13089	12970	5978	4118	4185	4182	13936	13081	13200	13173	12989	5844	4091	4139	4123	13744	13790	13803	13569	5800	4140	4044	4118	14409	14428	13802	5654	4100	4056	4061	14348	13907	5699	4075	4072	4073	14055	5683	4107	4166	4104	5795	4346	4360	4285	4133	4172	4144	5123	5045	8990
15145	12996	12335	11074	11146	11682	11443	11151	11026	10381	7737	6331	6372	6423	12982	12450	10972	11039	11789	11455	11197	11063	10433	7767	6405	6233	6326	13118	11133	11121	11897	11903	11614	11343	10510	7709	6282	6145	6332	11437	11403	12284	12325	11957	11594	10643	7959	6472	6371	6339	17364	13918	11153	10889	10915	10373	7885	6433	6344	6425	13780	11002	10981	10957	10383	7746	6435	6368	6398	11787	11626	11605	10775	8455	6812	6696	6720	12196	11751	10571	8057	6468	6430	6389	12989	11491	8577	7266	7069	7107	12337	8542	7923	7931	8070	7733	11533	8196	8322	7304	7285	7165	8664	8733	14104
14170	11764	11320	10261	10341	10693	10713	10468	10301	9787	5078	3939	3970	3990	11663	11350	10238	10340	10694	10703	10450	10265	9748	5100	3951	3961	3962	11771	10491	10603	11077	11108	10765	10460	9887	5320	4055	4054	4023	10712	10727	11329	11421	11015	10680	10105	5536	4197	4246	4201	16081	12246	10673	10334	10178	9744	5095	3886	3930	3869	12258	10539	10315	10137	9787	4988	3920	3943	3914	11224	10858	10566	10152	5500	4168	4239	4097	11283	10998	10206	5865	4392	4357	4319	11825	10694	6138	4663	4824	4832	11343	5721	5277	5268	5317	4903	8068	5374	5382	4422	4398	4464	5474	5426	9771
15152	12710	12246	10946	10912	11535	11480	11190	10946	10315	7146	5640	5671	5648	12726	12155	10911	10944	11596	11445	11179	10990	10357	7177	5684	5685	5675	12778	11077	11135	11922	11765	11394	11175	10514	7345	5782	5766	5810	11482	11444	12214	12242	11666	11358	10684	7712	5859	5961	5964	17039	13292	11423	11064	10905	10301	7095	5592	5528	5584	13289	11384	11152	10937	10292	7133	5677	5577	5642	12222	11728	11428	10625	7728	5879	5937	5945	12119	11633	10824	8025	6058	6142	6082	12806	11386	8320	6586	6612	6617	12048	7909	7133	7292	7223	6824	10432	7466	7372	6197	6169	6188	7707	7556	12436
