1-2	1-3	1-4	1-5	1-6	1-7	1-8	1-9	1-10	1-11	1-12	1-13	1-14	1-15	2-3	2-4	2-5	2-6	2-7	2-8	2-9	2-10	2-11	2-12	2-13	2-14	2-15	3-4	3-5	3-6	3-7	3-8	3-9	3-10	3-11	3-12	3-13	3-14	3-15	4-5	4-6	4-7	4-8	4-9	4-10	4-11	4-12	4-13	4-14	4-15	5-6	5-7	5-8	5-9	5-10	5-11	5-12	5-13	5-14	5-15	6-7	6-8	6-9	6-10	6-11	6-12	6-13	6-14	6-15	7-8	7-9	7-10	7-11	7-12	7-13	7-14	7-15	8-9	8-10	8-11	8-12	8-13	8-14	8-15	9-10	9-11	9-12	9-13	9-14	9-15	10-11	10-12	10-13	10-14	10-15	11-12	11-13	11-14	11-15	12-13	12-14	12-15	13-14	13-15	14-15
17762	15826	15493	14403	14383	14953	14737	14512	14346	13822	7777	5984	6038	5974	15913	15474	14362	14333	14884	14732	14506	14323	13887	7668	6043	6051	5977	15935	14466	14529	15066	15110	14819	14478	13929	7736	5978	6029	6003	14666	14639	15360	15366	15073	14669	14065	7978	6104	6203	6124	19612	16596	14454	14371	14295	13775	7692	6037	6024	5940	16530	14445	14399	14186	13733	7631	5994	6042	5966	15077	14938	14744	14058	8263	6270	6289	6243	15377	14850	14044	8000	6196	6079	6091	15887	14704	8406	6676	6680	6682	15361	8256	7329	7282	7237	7569	10165	7500	7554	6470	6513	6461	7921	7949	13048
15254	13406	13047	12140	12068	12515	12557	12275	12070	11666	4819	3697	3668	3647	13353	12938	12087	12126	12473	12471	12260	12135	11625	4759	3635	3621	3677	13393	12208	12187	12740	12761	12395	12260	11899	4946	3816	3666	3730	12352	12424	12955	12992	12587	12479	11916	5187	3873	3829	3877	16773	13820	12270	12046	11998	11610	4726	3704	3551	3647	13699	12264	12061	11906	11616	4694	3712	3596	3671	12823	12578	12342	11876	5170	3935	3822	3911	12954	12704	12082	5420	4066	3926	3939	13412	12381	5570	4329	4298	4376	12867	5334	4875	4722	4783	4687	6882	4778	4725	4063	3952	4006	4905	4948	8791
17193	15020	14515	13532	13499	13936	13869	13673	13493	12970	6954	5362	5202	5203	14864	14657	13401	13526	13895	13935	13689	13436	13023	6901	5336	5220	5245	15116	13692	13621	14235	14291	13966	13749	13222	7135	5468	5332	5471	13828	13869	14556	14645	14071	13804	13268	7358	5633	5454	5428	19037	15416	13927	13616	13497	12965	6845	5275	5228	5261	15498	13819	13563	13484	12884	6768	5237	5198	5219	14427	14044	13904	13247	7328	5531	5558	5449	14435	14132	13430	7587	5778	5558	5613	15105	13874	7858	6193	6079	6138	14490	7493	6594	6599	6648	6750	9476	6683	6719	5572	5730	5709	6858	6829	11616
11994	9870	9425	7938	7936	8622	8656	8211	7975	7412	6831	5671	5482	5547	9959	9223	7983	8039	8698	8516	8139	7982	7388	6770	5521	5540	5644	10036	8207	8320	8974	8998	8549	8218	7643	7080	5834	5821	5846	8435	8563	9345	9328	8741	8452	7692	7489	5754	5886	5907	14179	10623	8337	7962	7839	7271	6721	5496	5472	5511	10526	8333	8040	7850	7274	6726	5533	5423	5547	9140	8687	8399	7742	7451	5910	5805	5906	9190	8718	7851	7867	6038	6204	6098	9907	8581	8103	6786	6608	6676	9453	7610	7474	7420	7454	6684	10991	7598	7594	6310	6408	6358	7573	7562	12300
13322	11100	10633	9636	9620	10238	9656	9894	9791	9167	5901	4765	4822	4777	11120	10738	9634	9618	10247	9750	9830	9897	9205	5923	4762	4803	4856	11567	9419	9504	9971	10328	10311	9917	9081	5723	4654	4683	4614	9478	9479	10145	10682	10557	10062	9151	5926	4607	4559	4649	15380	12179	9206	9311	9474	9245	6252	5018	5094	5061	12279	9107	9241	9489	9117	6305	4964	5053	4913	9637	9821	9942	9557	6692	5188	5218	5288	10602	9959	8939	5751	4430	4543	4526	11265	9784	6236	5117	5071	5181	10741	6435	5777	5936	5901	6074	8640	6293	6319	5903	5941	5916	7013	7214	11967
18335	16048	15778	14682	14631	15032	15090	14818	14660	14203	7065	5407	5480	5444	16079	15748	14740	14720	15123	15124	14775	14634	14124	6995	5502	5397	5327	16229	14845	14858	15410	15423	15073	14789	14241	7247	5473	5591	5529	15066	15018	15745	15766	15291	15027	14453	7542	5643	5647	5610	20116	16598	15068	14752	14581	14183	6887	5391	5384	5340	16566	14939	14790	14508	14137	6914	5437	5440	5371	15607	15282	14868	14435	7450	5675	5637	5617	15743	15284	14602	7784	5723	5714	5789	16175	15055	8044	6199	6254	6187	15585	7598	6650	6713	6707	6900	9417	6774	6746	5740	5772	5891	6906	6950	11913
17550	15523	15158	13891	13868	14513	14320	14142	13883	13356	6614	5168	5117	5198	15465	15102	13973	14027	14494	14352	14210	14057	13446	6684	5290	5129	5239	15628	14070	14005	14743	14756	14506	14169	13519	6853	5251	5232	5256	14308	14302	15008	15013	14699	14478	13703	6922	5360	5333	5419	19586	16223	14104	14030	13889	13372	6687	5135	5150	5206	16206	14102	13946	13947	13297	6619	5145	5159	5148	14744	14570	14414	13744	7177	5412	5436	5543	15029	14685	13759	7073	5319	5384	5441	15560	14364	7554	5933	5928	6001	14941	7190	6431	6537	6629	6598	9457	6510	6707	5822	5622	5757	7002	6977	12052
12570	10185	9828	8365	8385	8977	8974	8606	8418	7693	6601	5378	5425	5365	10268	9699	8501	8506	8967	8991	8583	8384	7730	6594	5390	5430	5387	10311	8778	8804	9502	9248	8970	8639	7993	6891	5610	5539	5615	8879	8941	9717	9805	9171	8813	8050	7270	5683	5791	5647	14553	10969	8803	8489	8249	7757	6548	5266	5393	5254	10855	8756	8489	8303	7628	6493	5254	5396	5257	9612	9145	8900	8077	7244	5620	5721	5604	9534	9217	8226	7541	5818	5925	5846	10241	8917	7911	6481	6536	6532	9577	7408	7148	7091	7117	6587	10641	7305	7156	6170	6124	6052	7335	7136	12016
13369	11405	10887	9735	9758	10297	10126	9951	9903	9098	6243	5025	4887	4950	11432	10867	9681	9743	10313	10160	9913	9792	9150	6194	4958	4954	4959	11536	9941	9857	10618	10589	10346	9976	9438	6471	4998	4990	5105	10107	10228	10933	10932	10502	10247	9414	6660	5233	5208	5172	15508	11990	9993	9740	9695	9150	6303	4904	4912	4893	12026	9982	9771	9726	9110	6191	4920	5037	4946	10684	10364	10206	9513	6754	5231	5326	5283	10857	10342	9643	6965	5275	5368	5288	11481	10337	7296	5891	5750	5919	10865	6949	6557	6505	6541	6184	9449	6604	6561	5610	5444	5548	6745	6668	11549
15450	13195	12768	11428	11534	12074	12045	11545	11383	10773	7822	6243	6095	6221	13315	12710	11464	11501	12142	12038	11602	11454	10789	7813	6237	6190	6232	13311	11725	11782	12423	12368	12036	11764	10954	8118	6348	6452	6434	11939	11922	12674	12693	12271	11913	11093	8285	6548	6602	6577	17512	13904	11818	11488	11373	10739	7744	6238	6146	6216	13887	11859	11475	11297	10785	7726	6224	6251	6244	12610	12228	11891	11077	8447	6576	6584	6625	12632	12185	11376	8739	6773	6752	6646	13302	11902	9172	7300	7385	7482	12588	8593	8087	8003	8043	7604	11200	8064	8198	6920	6827	6847	8181	8331	13287
17644	15615	15248	14077	14099	14619	14515	14246	14003	13485	8095	6240	6033	6078	15541	15120	14066	14114	14549	14595	14275	14055	13408	7997	6268	6245	6087	15644	14243	14223	14807	14789	14513	14233	13569	8269	6418	6324	6320	14583	14547	15132	15151	14782	14392	13718	8469	6496	6587	6456	19337	16116	14352	14246	13952	13366	7936	6218	6214	6190	16208	14310	14242	14011	13432	7891	6221	6285	6161	15039	14771	14370	13709	8417	6445	6440	6371	15167	14723	13925	8740	6686	6652	6560	15611	14504	9036	7310	7119	7063	15011	8753	7706	7661	7690	7840	10429	7669	7749	6722	6699	6647	8001	8134	13130
17415	15780	15557	14695	14687	15049	14977	14874	14660	14316	6098	4653	4622	4578	15818	15558	14749	14689	15086	14995	14858	14721	14377	6057	4664	4622	4608	15911	14773	14749	15187	15197	15018	14786	14436	6189	4718	4628	4695	14906	14981	15446	15466	15256	15015	14485	6358	4824	4643	4708	18675	16233	14871	14783	14606	14332	6092	4657	4552	4627	16228	14883	14818	14651	14264	6087	4605	4537	4555	15309	15055	14967	14544	6397	4814	4735	4808	15428	15133	14627	6491	4839	4745	4798	15854	15065	6900	5228	5108	5242	15440	6575	5606	5448	5535	6070	7688	5679	5763	4884	4648	4818	5982	5920	10225
17879	15533	15173	14086	14152	14643	14567	14329	14169	13610	6773	5023	5151	5114	15671	15191	14235	14192	14638	14661	14308	14188	13664	6695	4992	5187	5220	15627	14464	14441	14858	14893	14634	14352	13824	6901	5176	5267	5219	14587	14681	15179	15158	14879	14525	13883	7323	5291	5463	5422	19657	16075	14451	14142	14019	13590	6701	4992	5154	5063	16162	14398	14194	13968	13521	6739	4871	5152	5113	14970	14664	14463	13869	7170	5257	5409	5315	15029	14816	14084	7568	5432	5457	5474	15647	14546	7791	5978	5998	5946	15120	7414	6377	6525	6289	6653	8953	6534	6509	5398	5437	5457	6572	6655	11293
12408	11949	11919	10129	10089	11063	11827	11604	11518	10439	6131	4283	4167	4159	12111	11978	10137	10148	11146	11681	11526	11529	10474	6133	4208	4166	4161	12183	10207	10202	11229	12117	12037	11992	10804	6194	4229	4175	4156	10197	10136	11140	12109	12038	11997	10901	6184	4326	4187	4222	12864	11405	10104	10089	9890	9213	5639	4038	4046	4041	11159	9981	10048	10044	9377	5825	4022	4028	4111	11184	10992	10968	10062	6020	4182	4146	4156	11925	11897	10627	6251	4202	4178	4227	12027	10847	6429	4347	4225	4219	11035	6273	4369	4405	4356	6087	5215	4699	4853	3945	3930	3971	4838	4809	8765
17992	15748	15395	14383	14395	14874	14744	14585	14400	13942	6505	4831	5002	4834	15651	15373	14349	14375	14830	14770	14539	14355	13979	6549	4845	4992	4826	15915	14511	14479	15045	15127	14782	14417	14065	6598	4893	5058	4975	14764	14790	15364	15382	15059	14681	14191	6911	4998	5183	5058	19578	16216	14685	14509	14303	13935	6409	4790	4893	4866	16242	14688	14462	14308	13881	6348	4773	4964	4846	15314	14980	14663	14232	6810	5108	5215	5058	15366	15004	14299	7183	5208	5287	5213	15784	14860	7430	5604	5793	5600	15314	7039	6014	6156	6055	6410	8470	6299	6137	5359	5311	5207	6382	6345	10855
12092	11945	11916	10610	10577	11462	11927	11957	11674	11059	5602	3923	3851	3947	12064	11958	10554	10539	11335	11742	11954	11778	11100	5706	3987	3897	3898	12253	10485	10548	11567	12002	12221	11988	11236	5809	3885	3922	3973	10502	10623	11519	12060	12004	12010	11092	5824	3895	3900	3915	12553	11560	10358	10523	10446	9923	5526	3858	3811	3898	11505	10480	10368	10371	9880	5568	3851	3845	3845	11435	11419	11250	10716	5687	3880	3842	3928	12178	12090	11005	5815	3860	3908	3950	12144	11391	5841	4029	3912	3899	11417	5723	4016	4004	4040	5854	4616	4273	4386	3604	3540	3656	4540	4444	8017
12602	12524	12382	11139	11139	11949	12242	12441	12265	11643	5967	4045	4056	4146	12400	12479	11167	11105	11989	12297	12367	12283	11583	5908	4070	4054	4131	12479	11233	11238	11946	12398	12474	12438	11671	5955	3991	3998	4136	11220	11095	12013	12532	12442	12431	11757	5943	4015	4092	3966	12781	11916	11218	11058	11088	10628	5803	4044	3996	4059	11951	11149	11046	11084	10474	5679	3948	3948	4015	11874	11897	11914	11311	5884	4085	3979	4025	12617	12475	11684	6021	4126	4091	4036	12499	11850	6025	4059	3990	4186	11863	5929	4057	4118	4164	5922	4507	4312	4409	3704	3742	3785	4477	4484	8161
11141	10709	10776	9128	9064	9998	10500	10464	10413	9247	5779	3940	3924	3940	10753	10662	8955	9025	10073	10425	10481	10288	9274	5828	3962	3947	4028	11006	9107	9117	10177	11000	10876	10680	9610	5865	3920	3986	4066	9118	8971	10208	10980	10828	10634	9518	5910	4011	3870	4031	11772	10219	8952	8991	8930	8254	5523	3711	3934	3851	10216	8882	8858	8958	8292	5405	3798	3824	3862	10034	10001	9934	9043	5646	3913	3945	3962	11038	10738	9555	5920	3967	3978	4009	10981	9701	5967	4034	4092	4060	10121	5974	4202	4261	4209	5776	5168	4517	4559	3712	3723	3661	4622	4649	8242
12120	10129	9924	8983	9037	9371	9407	9171	8920	8541	4304	3279	3416	3403	10223	9861	8957	8999	9390	9436	9103	8955	8631	4364	3279	3412	3425	10263	9149	9152	9624	9637	9360	9150	8701	4445	3390	3514	3515	9325	9327	9905	9956	9482	9335	8800	4702	3513	3627	3600	13513	10572	9220	9110	8921	8579	4250	3355	3266	3366	10508	9279	9115	8981	8580	4306	3262	3255	3323	9747	9509	9270	8771	4618	3468	3482	3545	9833	9507	8887	4890	3558	3559	3696	10238	9310	5111	3911	3975	3975	9749	4838	4361	4408	4472	4145	6616	4488	4564	3689	3689	3727	4550	4479	7944
16275	14168	13635	12173	12078	12897	12818	12375	12148	11388	9115	7240	7209	7166	14129	13681	12107	12058	12782	12772	12289	12174	11340	8999	7223	7243	7245	14250	12409	12437	13173	13175	12625	12472	11590	9330	7444	7448	7424	12574	12664	13442	13573	13095	12721	11824	9623	7641	7515	7553	18424	14885	12443	12175	11986	11312	8898	7240	7220	7216	14871	12500	12188	11939	11420	8909	7320	7148	7183	13377	12845	12566	11882	9701	7685	7608	7550	13503	13051	12008	9895	7774	7763	7728	14074	12726	10279	8392	8484	8526	13491	9865	9303	9242	9213	8872	12776	9420	9472	7910	7992	8007	9476	9701	14987
12717	10908	10534	9687	9587	10104	9880	9744	9570	9183	5028	3796	3832	3912	10954	10545	9672	9637	10067	9901	9743	9493	9121	4958	3845	3781	3806	10930	9872	9759	10266	10139	10010	9643	9288	5125	3961	3961	3995	9998	9996	10520	10539	10166	9921	9261	5304	3981	4037	4015	14466	11397	9892	9662	9563	9144	4956	3921	3938	3934	11420	9745	9683	9526	9147	4945	3818	3893	3907	10353	9956	9960	9450	5376	4072	4195	4029	10444	10120	9485	5400	4113	4093	4105	10815	9872	5706	4563	4595	4480	10374	5460	5074	5124	4985	4723	7623	5205	5174	4339	4346	4217	5346	5254	9441
17412	15342	14978	13717	13718	14219	14129	13828	13608	13048	8142	6389	6289	6295	15364	15007	13760	13723	14185	14191	13944	13668	13124	8070	6363	6276	6321	15440	13860	13991	14609	14649	14119	13881	13319	8358	6516	6404	6427	14204	14192	14970	14934	14463	14188	13489	8678	6673	6589	6571	19359	15964	13936	13766	13583	13069	8071	6373	6304	6345	16066	13972	13842	13707	13138	8075	6413	6337	6344	14717	14332	14118	13459	8531	6730	6593	6593	14812	14330	13602	8739	6727	6564	6588	15384	14192	9158	7346	7171	7225	14757	8844	8002	7883	7846	7920	10936	8026	7999	6966	6790	6780	8252	8179	13542
15395	13286	12925	11766	11808	12359	12296	11960	11804	11212	7108	5653	5660	5641	13349	12948	11820	11799	12399	12171	12002	11799	11221	7186	5608	5748	5659	13517	11915	11978	12515	12477	12424	11981	11338	7290	5692	5788	5693	12113	12207	12968	12941	12537	12152	11440	7489	5775	5877	5776	17273	14075	12019	11845	11618	11151	7023	5554	5599	5580	14074	11970	11827	11754	11143	7111	5516	5624	5577	12693	12484	12229	11554	7681	5871	5943	5982	12785	12280	11525	7718	5739	5940	5840	13292	12092	8096	6383	6577	6508	12792	7782	7062	7116	7127	6966	9991	7326	7334	6143	6304	6138	7545	7541	12417
14413	12180	11629	10179	10242	10860	10765	10413	10130	9445	7426	5905	5905	5866	12137	11560	10227	10269	10847	10805	10380	10112	9527	7338	5957	5862	5803	12204	10378	10473	11144	11119	10680	10461	9676	7688	6085	6028	6108	10806	10780	11624	11486	11129	10775	9796	7932	6177	6080	6175	16663	12950	10604	10410	10016	9386	7222	5875	5798	5864	12918	10546	10328	10079	9396	7225	5883	5742	5746	11409	11013	10505	9794	7900	6200	6087	6181	11446	11041	10025	8201	6442	6477	6444	12165	10675	8716	6991	7032	7071	11344	8200	7667	7583	7696	7066	11324	7892	7873	6565	6534	6598	7920	8014	13270
16845	14920	14581	13384	13383	13917	13874	13659	13326	12906	7218	5527	5541	5513	14963	14516	13395	13391	13824	13831	13554	13354	12842	7136	5560	5621	5488	14995	13534	13580	14173	14154	13847	13651	12975	7316	5681	5571	5607	13715	13742	14507	14500	14123	13795	13117	7536	5711	5732	5730	18785	15667	13606	13431	13320	12838	7157	5567	5595	5532	15602	13501	13460	13326	12817	7153	5688	5632	5588	14313	14108	13819	13063	7683	5814	5883	5941	14435	14057	13189	7607	5851	5826	5709	15074	13764	8152	6356	6357	6342	14385	7818	6947	7044	7012	6996	10017	7184	7210	6068	6169	6125	7396	7369	12336
13560	11512	11095	9965	9968	10459	10475	10196	9894	9420	6039	4918	4834	4827	11595	11181	10046	9970	10496	10486	10139	9925	9504	6013	4838	4801	4844	11574	10200	10267	10662	10741	10392	10167	9655	6289	4975	5017	4937	10408	10415	11161	11048	10745	10337	9750	6559	5064	5129	5084	15644	12085	10314	9985	9896	9338	5924	4769	4746	4763	12148	10346	10087	9879	9448	5987	4869	4756	4766	10940	10620	10271	9713	6495	5182	5098	5008	11073	10745	9983	6797	5298	5189	5240	11617	10431	7081	5748	5680	5680	10977	6595	6284	6283	6284	5991	9283	6468	6468	5393	5343	5281	6446	6538	10924
11723	9895	9437	8391	8281	8820	8634	8503	8263	7682	5437	4333	4371	4379	9802	9290	8275	8341	8851	8617	8475	8163	7768	5434	4317	4306	4518	9857	8565	8457	9157	9091	8803	8455	7869	5728	4482	4468	4538	8740	8705	9302	9417	9038	8686	8031	6027	4650	4624	4739	13829	10484	8602	8352	8102	7733	5468	4478	4415	4404	10549	8547	8431	8195	7704	5443	4321	4364	4409	9229	8965	8690	8121	6050	4546	4619	4666	9356	9032	8135	6244	4659	4749	4775	9912	8747	6624	5205	5420	5221	9329	6177	5831	5874	5849	5441	8937	5969	6076	4986	5005	5013	6039	6028	10452
15174	12885	12450	11401	11417	11907	11831	11549	11417	10931	5793	4440	4514	4520	12803	12464	11526	11454	11863	11851	11588	11336	10949	5776	4480	4526	4449	12989	11659	11577	12239	12169	11753	11593	11000	6071	4633	4580	4550	11755	11883	12400	12375	11962	11778	11213	6316	4740	4688	4684	16965	13287	11719	11459	11346	10863	5705	4363	4413	4481	13288	11824	11428	11221	10931	5719	4491	4369	4426	12297	11895	11716	11061	6238	4722	4703	4813	12417	12028	11348	6476	4842	4859	4860	12943	11795	6717	5236	5388	5252	12406	6474	5860	5789	5705	5761	8368	5918	5775	4927	4958	4943	6000	5978	10311
15586	13224	12916	11985	12003	12402	12325	12089	11949	11470	5156	4035	4049	4086	13300	12936	11976	11863	12325	12363	12151	11968	11518	5128	4002	4003	3999	13342	12139	12113	12617	12509	12299	12061	11657	5355	4138	4168	3991	12257	12156	12917	12932	12550	12398	11673	5610	4255	4218	4226	17318	13805	12138	11994	11818	11458	5134	3979	4065	3952	13791	12234	11883	11806	11405	5164	4016	4003	3962	12826	12469	12193	11632	5609	4163	4212	4248	12893	12540	11890	5947	4329	4333	4266	13314	12295	6051	4796	4849	4770	12755	5704	5145	5275	5337	5092	7665	5300	5271	4353	4474	4458	5366	5421	9459
13807	11494	11034	9781	9817	10322	10237	9883	9672	9221	6117	4965	4922	4846	11507	10970	9858	9869	10343	10173	9845	9721	9212	6102	4969	4925	4898	11452	9953	9953	10624	10563	10178	9897	9425	6449	5151	5043	5032	10288	10270	11037	10930	10443	10223	9514	6714	5141	5160	5116	15683	11893	10050	9796	9712	9129	5967	4895	4779	4828	12035	10063	9869	9624	9102	5997	4879	4833	4779	10770	10351	10130	9431	6612	5215	5154	5088	10940	10477	9587	6989	5333	5301	5261	11404	10230	7196	5972	5922	5887	10830	6825	6492	6498	6366	5881	9575	6544	6493	5459	5408	5448	6613	6694	11312
13098	11545	11092	10305	10300	10732	10466	10400	10166	9796	4834	3731	3774	3779	11376	11039	10202	10212	10597	10513	10306	10156	9835	4771	3751	3744	3779	11494	10421	10434	10828	10814	10483	10381	9979	4960	3761	3803	3874	10535	10509	11119	11056	10874	10532	10027	5131	3950	4017	3948	14792	11990	10403	10254	10206	9791	4805	3765	3799	3816	12025	10413	10236	10233	9720	4768	3806	3781	3810	10945	10742	10562	10013	5130	3999	3956	3972	11023	10837	10024	5210	3914	3976	3976	11589	10555	5624	4383	4488	4399	11094	5325	4853	4852	4943	4716	7213	5021	4956	4258	4219	4168	5048	5150	9004
15527	13587	13276	12516	12518	13006	12518	12623	12785	12280	4954	3880	3763	3804	13564	13314	12535	12602	12983	12460	12680	12770	12245	5002	3918	3699	3905	14007	12250	12274	12745	13021	13067	12754	12054	4827	3718	3658	3742	12458	12386	12841	13258	13368	12877	12202	4903	3793	3701	3743	17304	14604	12104	12187	12351	12289	5335	4070	4000	4071	14649	12076	12212	12398	12371	5293	4099	4031	4120	12481	12625	12765	12624	5538	4143	4130	4157	13224	12699	11951	4802	3570	3576	3656	13803	12522	5150	4112	4025	4052	13350	5244	4605	4502	4561	5070	6533	4952	4920	4628	4761	4688	5743	5760	10066
11497	11216	11084	9558	9586	10387	11115	11041	10952	10031	5913	4048	4109	4041	11056	11115	9681	9504	10474	11015	11034	10739	9896	5882	3988	4177	4071	11356	9671	9569	10646	11205	11297	11109	10141	5901	4021	4116	4115	9681	9470	10565	11258	11325	11158	10119	5874	3979	4124	4046	12060	10704	9604	9613	9506	8909	5663	3875	4018	3931	10630	9599	9517	9460	8961	5677	3847	3907	3956	10553	10566	10450	9614	5774	3901	4086	3976	11339	11160	10058	5995	4088	4183	4147	11440	10287	5936	4127	4229	4134	10542	6076	4158	4329	4296	5820	4871	4610	4602	3743	3716	3771	4645	4640	8264
16658	14015	13468	12511	12499	13001	12970	12594	12510	12080	5747	4464	4416	4420	14137	13581	12613	12498	12957	13042	12723	12500	12096	5813	4563	4419	4343	14215	12738	12746	13300	13239	12941	12851	12120	5994	4621	4593	4554	12874	12910	13432	13595	13140	12892	12254	6330	4719	4630	4668	18626	14713	12915	12595	12431	11915	5725	4439	4485	4407	14640	12850	12591	12392	11914	5710	4395	4495	4400	13517	13295	12828	12181	6175	4757	4700	4694	13505	13399	12492	6603	4858	4848	4781	14123	12994	6845	5408	5361	5314	13549	6473	5883	5799	5756	5598	8964	5852	5804	4920	4954	4928	6125	6119	10848
13900	13445	13402	11797	11757	12789	13361	13365	13294	12235	6751	4671	4769	4857	13393	13362	11752	11796	12953	13264	13276	13183	12382	6821	4713	4779	4776	13651	11810	11841	12835	13613	13685	13387	12440	6582	4659	4742	4786	11854	11812	12789	13559	13648	13463	12357	6794	4717	4784	4789	14108	12975	11717	11875	11713	11106	6698	4627	4766	4745	13021	11776	11822	11696	11120	6629	4654	4702	4691	12816	12761	12654	11840	6665	4815	4840	4779	13634	13456	12262	6751	4666	4717	4794	13552	12570	6835	4831	4783	4862	12895	6873	4917	4964	5006	6882	5576	5291	5309	4513	4616	4567	5601	5564	9688
12033	9844	9520	8472	8511	8943	8861	8655	8473	8038	5372	4304	4229	4236	9711	9376	8510	8469	8907	8884	8718	8446	7990	5378	4330	4282	4326	9957	8673	8650	9209	9218	8875	8658	8085	5575	4464	4411	4461	8906	8906	9547	9534	9049	8844	8176	5798	4515	4524	4525	13872	10535	8823	8570	8440	7967	5291	4210	4219	4202	10430	8760	8556	8505	8023	5356	4255	4327	4266	9464	9103	8944	8206	5930	4565	4561	4570	9425	9101	8391	6171	4726	4680	4687	9933	8860	6440	5104	5131	5127	9376	6031	5605	5617	5646	5170	8425	5658	5691	4719	4626	4739	5724	5693	9867
14890	12864	12272	11125	11153	11747	11580	11345	11044	10533	7260	5609	5638	5641	12766	12382	11087	11180	11669	11573	11408	11119	10432	7239	5675	5590	5652	12865	11223	11345	12071	11883	11729	11331	10679	7387	5789	5828	5870	11599	11546	12316	12263	11956	11509	10874	7744	5972	5997	5996	16677	13488	11504	11116	10949	10486	7185	5693	5638	5642	13488	11425	11157	10966	10473	7166	5623	5586	5650	12179	11784	11526	10860	7750	6030	5861	5904	12252	11864	10979	7977	6054	6017	6137	12706	11564	8224	6707	6633	6538	12120	7834	7359	7265	7253	7036	10302	7350	7326	6207	6206	6295	7585	7520	12399
11509	11054	11071	9290	9368	10399	10945	10886	10774	9572	6019	4033	4112	4027	11195	11032	9271	9370	10341	10950	10933	10671	9588	6002	4034	4084	4081	11412	9439	9510	10591	11230	11124	10952	9704	6079	4082	4081	4122	9420	9497	10490	11226	11236	11068	9903	6018	4022	4124	4152	12065	10515	9332	9447	9206	8745	5630	4032	4021	3981	10601	9421	9426	9322	8658	5761	3999	4053	3907	10490	10467	10299	9396	5887	4031	4087	4023	11342	11049	9760	6082	4020	4144	4162	11243	10104	6104	4129	4273	4173	10421	6129	4349	4381	4298	5866	5097	4702	4712	3809	3852	3955	4789	4755	8538
13953	13654	13579	12074	12093	12974	13399	13459	13372	12389	6919	4706	4677	4769	13580	13490	11965	12014	12938	13420	13411	13382	12393	6906	4791	4774	4704	13714	12082	11994	12947	13669	13861	13585	12687	6971	4743	4839	4746	12038	12212	13032	13690	13698	13614	12692	6994	4751	4804	4819	14181	13034	12047	12037	11848	11337	6714	4622	4653	4678	13088	11975	12016	12032	11398	6910	4639	4720	4728	12948	12893	12908	12168	6912	4726	4784	4693	13689	13481	12608	6966	4766	4798	4716	13511	12718	7012	4765	4796	4829	13054	7068	4873	4978	4886	6955	5483	5245	5167	4393	4509	4487	5476	5355	9670
18160	16149	15747	14542	14514	15162	14693	14699	14540	14015	8377	6683	6637	6625	16105	15651	14453	14517	15192	14736	14769	14539	13962	8436	6678	6588	6649	16252	14468	14533	15189	15138	15057	14798	14027	8458	6524	6604	6612	14784	14608	15499	15651	15360	14967	14177	8655	6771	6634	6649	20090	16907	14325	14401	14418	13940	8687	6788	6752	6810	16958	14280	14389	14416	13973	8594	6878	6791	6933	15053	15035	14978	14384	9135	7115	7101	7126	15669	15093	14063	8633	6646	6716	6737	16266	14862	9102	7296	7295	7327	15687	9041	8075	8102	8056	8481	11018	8439	8369	7387	7359	7407	8948	8947	14238
13828	13594	13572	11841	11795	12747	13259	13374	13055	12049	7731	5367	5405	5334	13575	13480	11727	11688	12789	13250	13392	13235	11967	7666	5353	5417	5274	13596	11815	11749	12957	13686	13578	13502	12224	7828	5404	5413	5407	11705	11871	12946	13714	13759	13558	12307	7831	5338	5348	5284	14465	13030	11775	11741	11700	11040	7342	5225	5340	5205	12933	11832	11604	11544	10926	7412	5265	5195	5114	12755	12954	12594	11651	7706	5350	5337	5322	13674	13386	12271	7962	5320	5373	5370	13679	12512	7887	5439	5525	5461	12807	7870	5509	5608	5618	7746	6625	6066	6042	5121	5145	5034	6194	6227	10406
14748	12902	12509	11560	11599	12091	11742	11764	11562	11097	5944	4561	4555	4587	12952	12516	11565	11619	12085	11817	11784	11668	11108	5869	4541	4589	4590	13008	11624	11678	12254	12208	11950	11754	11122	5860	4490	4464	4579	11732	11759	12400	12441	12139	11815	11326	6044	4632	4603	4640	16485	13392	11639	11510	11426	11068	5772	4486	4498	4589	13524	11591	11575	11481	11031	5845	4523	4527	4601	12130	11966	11812	11340	6351	4792	4762	4784	12331	12072	11330	6090	4613	4601	4649	12912	11838	6530	5141	5196	5228	12438	6377	5696	5717	5744	5707	8323	5767	5874	4895	4994	5017	6166	6142	10757
12289	10059	9562	8502	8378	9013	8995	8675	8486	7847	5861	4659	4724	4790	10070	9560	8511	8506	9071	8937	8649	8428	7875	5815	4681	4715	4814	10068	8735	8705	9215	9318	8836	8639	8116	6201	4726	4884	4835	8809	8855	9676	9702	9080	8859	8104	6332	4945	4930	5021	14264	10727	8788	8473	8251	7874	5831	4716	4709	4686	10800	8780	8518	8302	7783	5789	4570	4624	4669	9457	9178	8757	8170	6456	4958	4916	4990	9560	9155	8305	6779	5088	5167	5245	10159	8927	6975	5695	5680	5528	9479	6512	6254	6212	6166	5620	9199	6325	6201	5234	5322	5320	6400	6392	10703
19200	17336	16909	15834	15889	16370	16207	16062	15746	15291	9505	7401	7467	7345	17331	16965	15886	15896	16356	16176	15994	15679	15235	9425	7314	7457	7344	17470	16038	16052	16678	16596	16243	16088	15338	9683	7442	7538	7384	16221	16330	16852	16955	16442	16145	15682	9921	7674	7550	7478	20915	18030	15984	15738	15610	15141	9488	7387	7390	7271	18090	16072	15832	15711	15191	9510	7411	7436	7323	16618	16422	16142	15543	10078	7738	7648	7596	16792	16419	15669	10058	7617	7685	7632	17412	16134	10299	8116	8208	8124	16845	10106	8848	8879	8850	9379	11596	9105	9005	7749	7860	7858	9296	9347	14701
12893	12535	12368	10358	10577	11520	12145	12097	11999	10906	6527	4530	4395	4532	12313	12370	10474	10510	11575	12133	12049	11856	10827	6370	4519	4455	4450	12581	10553	10544	11704	12418	12572	12282	11081	6477	4517	4552	4475	10516	10641	11743	12596	12516	12323	11056	6499	4502	4468	4446	13281	11817	10426	10465	10384	9706	6190	4501	4391	4381	11980	10565	10488	10369	9747	6138	4505	4539	4436	11525	11358	11507	10456	6481	4574	4563	4498	12619	12451	11056	6556	4526	4522	4524	12573	11231	6551	4665	4510	4483	11662	6555	4732	4733	4772	6585	5641	5104	5075	4391	4410	4325	5303	5344	9363
14085	13930	13898	12547	12624	13289	13908	13683	13661	13104	6565	4493	4377	4413	13869	13754	12559	12623	13396	13802	13694	13665	13047	6489	4488	4372	4397	13942	12608	12595	13362	13893	13872	13908	13249	6677	4484	4451	4341	12615	12659	13418	13881	13772	13896	13263	6590	4492	4411	4480	14295	13271	12593	12451	12714	12084	6447	4370	4337	4289	13357	12616	12588	12578	12231	6402	4422	4285	4336	13257	13272	13378	12830	6481	4365	4379	4344	13864	13895	13167	6721	4494	4502	4415	13944	13270	6697	4563	4391	4364	13454	6695	4546	4542	4543	6624	4920	4698	4689	4137	4179	4104	5019	5074	8837
13803	11912	11503	10549	10580	11105	10759	10612	10551	10001	5928	4590	4740	4704	11984	11537	10559	10589	11070	10883	10750	10566	10081	5952	4539	4638	4718	11996	10574	10536	11178	11261	10969	10663	10092	6026	4611	4645	4642	10896	10827	11487	11456	11168	10850	10215	6265	4633	4728	4760	15678	12595	10613	10498	10412	9986	5961	4627	4793	4757	12616	10495	10511	10396	9947	6097	4706	4637	4725	11077	11112	10849	10305	6479	4890	4934	4922	11379	11149	10223	6292	4706	4741	4777	11958	10815	6654	5298	5341	5316	11562	6525	5760	5808	5970	5825	8471	6159	6145	5255	5297	5282	6370	6247	10861
14076	11591	11146	9944	9872	10529	10327	10091	9915	9332	6323	4972	5006	4983	11662	11097	9931	9972	10401	10377	10059	9938	9305	6309	5021	4951	4997	11724	10171	10164	10838	10720	10319	10105	9530	6523	5041	5043	4997	10424	10366	11250	11116	10613	10336	9608	6824	5234	5180	5201	16145	12265	10315	10040	9728	9231	6315	4894	4895	4841	12239	10224	10058	9887	9325	6164	4933	4893	4946	11018	10477	10263	9613	6857	5208	5135	5113	10977	10719	9784	7212	5399	5316	5358	11642	10304	7406	5946	5809	5820	11103	7124	6599	6472	6543	6171	9733	6792	6725	5554	5537	5478	6820	6808	11576
13781	13122	13062	11227	10923	12174	12888	12561	12575	11239	7317	5179	5173	5160	13201	13039	10991	10968	12121	12792	12733	12691	11332	7254	5150	5076	5200	13301	11006	10954	12188	13208	13111	13015	11575	7184	5148	5108	5201	11102	11096	12209	13366	13392	13115	11710	7236	5065	5095	5196	14327	12524	10938	10955	10816	10149	6972	5055	5130	5051	12599	10887	10905	10874	10194	6860	5066	5075	5026	12209	12038	11928	10927	7101	5228	5134	5169	13317	13148	11644	7258	5265	5137	5160	13349	11824	7216	5278	5262	5289	12153	7369	5499	5448	5408	7315	6513	6028	5850	5101	4908	5024	6132	6165	10715
12116	10311	9778	8736	8762	9259	8874	8872	8773	8251	5560	4555	4441	4473	10206	9850	8695	8814	9188	8881	8845	8793	8280	5491	4440	4565	4501	10434	8835	8791	9351	9401	9324	8990	8257	5537	4377	4448	4449	8822	8916	9500	9855	9493	9139	8313	5734	4542	4426	4474	14029	10965	8624	8652	8506	8149	5694	4576	4513	4511	11025	8548	8575	8544	8168	5772	4575	4535	4477	9050	9194	8983	8539	6264	4872	4897	4838	9660	9106	8259	5678	4545	4454	4404	10265	9044	6173	5038	4944	4980	9721	6189	5621	5674	5617	5598	8404	5940	5895	5373	5354	5257	6463	6544	10864
12968	12566	12466	10736	10608	11674	12352	12275	12005	10944	7268	5091	5192	5173	12686	12580	10647	10773	11697	12305	12237	12068	11026	7256	5071	5124	5151	12939	10842	10734	11890	12649	12726	12446	11318	7245	5202	5225	5162	10815	10856	11920	12766	12767	12519	11267	7357	5186	5245	5162	13581	12097	10732	10636	10616	9874	6803	4888	4988	4911	12075	10683	10747	10579	9785	6684	4897	5003	4996	11720	11733	11743	10702	7070	5014	5133	5066	12698	12562	11283	7291	5185	5162	5107	12590	11449	7464	5251	5414	5149	11795	7516	5431	5514	5397	7096	6466	5892	5776	4749	4830	4745	5826	5818	10087
10885	10376	10153	8473	8329	9421	9857	9764	9571	8523	6310	4587	4498	4505	10286	10180	8517	8320	9405	9892	9833	9594	8527	6370	4436	4467	4512	10509	8548	8550	9528	10552	10302	9904	8800	6521	4534	4552	4569	8651	8608	9723	10498	10261	10118	8841	6570	4575	4556	4530	11727	9977	8436	8331	8162	7596	5846	4342	4368	4252	9956	8405	8378	8286	7576	5750	4328	4396	4309	9560	9500	9279	8271	6215	4433	4493	4447	10438	10078	8839	6584	4618	4565	4535	10339	9044	6710	4740	4678	4673	9439	6606	4997	4987	4987	6352	6317	5462	5416	4364	4320	4349	5242	5305	9169
13827	13766	13741	12847	12900	13455	13847	13696	13772	13301	5850	4056	4032	4082	13594	13687	12774	12834	13374	13860	13832	13787	13277	6008	4073	4010	4008	13735	12731	12851	13412	13706	13713	13662	13108	5971	4033	4029	4009	12720	12821	13466	13735	13789	13760	13310	5952	4047	4055	3984	13890	13321	12723	12896	12776	12547	5806	4056	4025	3978	13451	12841	12920	12783	12514	5914	4012	3986	3944	13383	13514	13318	12915	5981	4101	4000	4013	13814	13754	13246	5977	4077	4098	4110	13717	13272	5984	4050	4004	4017	13601	6042	4047	4006	4123	6001	4333	4228	4189	3708	3694	3679	4557	4553	8024
17449	14916	14368	12871	12959	13640	13603	13311	12950	12303	8878	7149	7143	7047	14953	14263	12925	12994	13615	13567	13310	12974	12381	8899	7216	7151	7132	15114	13224	13298	13981	13986	13498	13227	12418	9185	7305	7300	7243	13552	13502	14249	14295	13916	13515	12614	9543	7484	7464	7343	19522	15593	13474	13094	12831	12139	8823	7120	7077	7055	15634	13538	13107	12827	12214	8836	7099	7064	7012	14351	13837	13301	12698	9459	7516	7391	7369	14360	13835	12866	9922	7640	7581	7521	15091	13442	10230	8435	8321	8277	14231	9810	9060	8942	8873	8663	12438	9104	8963	7798	7848	7779	9231	9368	14812
14360	12182	11703	10406	10387	10984	10815	10510	10160	9609	7980	6448	6499	6480	12125	11709	10362	10327	10981	10820	10545	10263	9611	8037	6537	6525	6568	12209	10523	10574	11429	11358	10822	10436	9747	8229	6587	6688	6697	10921	10829	11838	11591	11296	10758	9988	8687	6945	6893	6858	16676	12933	10778	10413	10099	9423	7854	6406	6476	6394	13033	10792	10370	10107	9495	7956	6392	6462	6452	11562	11084	10767	9787	8669	6883	6915	6835	11565	11010	10226	9006	7080	7067	7024	12429	10761	9408	7682	7742	7671	11594	8905	8406	8449	8422	7828	11967	8740	8644	7205	7335	7341	8654	8692	13963
13682	13550	13708	12319	12462	13304	13558	13555	13541	13004	5427	3708	3716	3771	13529	13729	12575	12539	13226	13438	13634	13671	13011	5343	3685	3798	3776	13586	12454	12336	13105	13766	13678	13737	13025	5354	3783	3615	3729	12422	12430	13329	13888	13677	13687	13052	5336	3693	3692	3740	13948	13185	12247	12333	12371	12064	5443	3697	3612	3712	13069	12460	12507	12359	12174	5388	3809	3766	3675	13178	13219	13284	12799	5388	3715	3797	3820	13748	13745	12934	5308	3747	3723	3651	13882	13172	5400	3685	3690	3756	13305	5433	3758	3742	3776	5519	4118	3995	3908	3580	3475	3648	4463	4359	8163
14952	13263	12773	11773	11772	12339	12222	11942	11853	11426	6336	4760	4879	4820	13234	12768	11736	11816	12298	12247	12034	11854	11362	6228	4759	4818	4779	13167	12039	11984	12525	12527	12130	11985	11497	6374	4831	4880	4902	12222	12091	12854	12822	12322	12234	11645	6523	5016	4962	5000	16743	13635	12151	11838	11817	11371	6241	4795	4787	4806	13699	12134	11889	11894	11344	6238	4761	4831	4833	12598	12367	12205	11647	6629	5083	5040	4936	12794	12499	11702	6816	5045	5081	5072	13207	12313	7069	5486	5460	5574	12657	6787	6048	5970	6019	6115	8623	6220	6116	5361	5244	5305	6388	6354	10872
10224	9213	8807	7028	6941	7843	8270	8050	7754	6665	6424	4886	4786	4846	9032	8681	7005	6965	7903	8201	8026	7671	6694	6437	4858	4808	4819	9356	7401	7425	8325	8808	8622	8239	7016	6730	5037	4931	4906	7448	7434	8473	9119	8684	8498	7110	6848	4957	4946	4995	11500	9086	7261	7148	6911	6096	6058	4563	4586	4615	9114	7231	7015	6931	6040	5946	4596	4693	4597	8188	8130	7540	6737	6472	4882	4930	4871	8996	8561	7171	6975	5071	5074	5148	9249	7578	7204	5499	5369	5336	8250	7057	5939	5868	5859	6209	8252	6239	6359	4886	4935	4957	5941	5937	10285
13788	13364	13294	11824	11680	12689	13325	13220	13197	12499	5445	4123	4101	4064	13411	13324	11667	11628	12724	13212	13227	13224	12391	5461	4114	4073	4009	13626	11413	11396	12403	13740	13554	13517	12388	5365	3950	4097	3959	11450	11409	12359	13676	13641	13437	12193	5333	3980	4028	3992	14106	12955	11389	11457	11544	11338	5641	4248	4169	4191	12926	11413	11453	11496	11349	5570	4177	4152	4168	12286	12329	12380	12037	5659	4175	4219	4125	13681	13369	12222	5280	3963	3932	3976	13515	12532	5379	4015	4044	4017	12845	5516	4194	4098	4086	5633	4633	4364	4352	4553	4422	4498	5421	5435	9510
13419	10857	10481	9437	9484	9774	9822	9508	9399	9006	4717	3721	3717	3723	10894	10445	9340	9369	9769	9884	9573	9486	8986	4755	3607	3733	3756	10846	9546	9621	10079	10135	9848	9516	9172	4992	3845	3794	3813	9863	9795	10446	10448	10031	9744	9089	5149	3983	3965	3931	15175	11307	9839	9511	9373	8958	4679	3662	3707	3656	11296	9765	9486	9357	8944	4668	3720	3650	3612	10326	9954	9757	9140	5155	3828	3875	3922	10366	10095	9315	5369	4044	4097	4026	10844	9763	5723	4478	4389	4448	10325	5412	5011	4960	4839	4570	7585	5000	5093	4074	4135	4196	5038	5080	9180
14513	12105	11633	10324	10346	10956	10884	10565	10267	9664	7363	5931	5896	5904	12265	11664	10256	10341	10962	10934	10515	10311	9746	7388	5898	5761	5879	12300	10502	10533	11273	11292	10829	10568	9926	7564	5993	6095	6068	10798	10837	11678	11668	11167	10707	10048	7947	6112	6224	6306	16620	12880	10657	10409	10153	9662	7249	5840	5755	5717	12865	10751	10323	10222	9631	7245	5880	5787	5713	11376	10799	10727	10043	7783	6276	6172	6201	11419	11066	10166	8247	6359	6292	6324	12171	10847	8585	7005	6964	6977	11381	8158	7608	7601	7623	7149	10986	7737	7678	6462	6446	6600	7743	7874	12723
12323	10302	9900	8618	8634	9220	9125	8937	8720	8075	6172	5014	4979	4960	10366	9875	8666	8574	9140	9088	8799	8585	7993	6062	5002	5052	4922	10372	8850	8800	9571	9430	9118	8800	8178	6404	5103	5128	5114	9186	9119	9958	9862	9406	9171	8279	6824	5295	5283	5279	14607	11023	8957	8691	8591	7882	6079	4948	4945	4889	10944	8956	8700	8427	7932	6002	4951	4892	4916	9576	9255	8989	8299	6647	5264	5186	5194	9699	9286	8528	7069	5526	5408	5325	10243	9151	7481	6072	5844	6017	9689	6955	6663	6604	6594	5983	9817	6720	6757	5572	5585	5616	6869	6758	11576
17696	16032	15836	15056	15049	15330	15347	15196	15109	14668	5666	4190	4209	4221	16009	15785	15081	15001	15408	15412	15161	15098	14692	5636	4280	4203	4284	16132	15196	15139	15619	15579	15319	15288	14788	5838	4285	4302	4341	15276	15322	15733	15697	15436	15286	14840	5977	4363	4400	4379	18941	16367	15290	15112	15077	14663	5606	4189	4220	4249	16410	15221	15069	14972	14690	5566	4242	4176	4274	15694	15464	15325	14916	5978	4428	4368	4428	15757	15454	14961	6138	4441	4495	4470	16061	15253	6341	4850	4723	4784	15727	6084	5123	5128	5108	5545	6898	5164	5205	4459	4417	4356	5319	5353	9257
15306	13063	12599	11628	11574	12180	11642	11716	11623	11040	7241	5860	5791	5683	13205	12717	11616	11544	12153	11684	11747	11705	11085	7219	5926	5882	5815	13467	11480	11453	12106	12270	12174	11840	10925	7165	5792	5578	5659	11650	11644	12251	12699	12478	12005	11030	7392	5833	5775	5727	17385	14294	11203	11232	11434	10929	7635	6125	6079	6190	14164	11196	11179	11351	10982	7600	6002	5986	6096	11718	11767	11905	11387	8034	6331	6314	6330	12569	11900	10893	7070	5735	5685	5782	13301	11745	7727	6333	6382	6399	12657	7761	7248	7218	7105	7316	10202	7645	7563	6979	6817	6923	8279	8198	13430
18827	16654	16217	15005	15081	15485	15425	15167	15057	14547	8741	6877	6832	6854	16669	16188	14913	14930	15489	15417	15208	14939	14441	8668	6839	6872	6798	16665	15354	15174	15790	15819	15440	15159	14524	8893	6885	6920	6871	15443	15431	16254	16071	15735	15456	14657	9196	7054	7030	7027	20410	17175	15390	15170	14860	14382	8642	6764	6727	6660	17258	15341	15055	14853	14384	8577	6827	6814	6741	16034	15664	15409	14722	9259	7145	7144	7077	16021	15728	14869	9601	7258	7213	7220	16749	15467	9793	7840	7820	7838	16005	9491	8385	8337	8398	8599	11233	8426	8417	7215	7242	7206	8648	8548	13938
15692	13817	13358	12291	12111	12832	12316	12364	12250	11708	7727	6126	6132	6103	13947	13380	12129	12076	12756	12409	12324	12260	11653	7735	6137	6023	6060	14035	12088	12226	12813	12992	12788	12441	11538	7603	6071	5980	6013	12391	12420	13138	13280	12985	12639	11788	7935	6169	6145	6068	17669	14663	12033	12045	12017	11664	7869	6179	6139	6191	14661	12033	12048	12029	11609	7897	6247	6143	6299	12655	12580	12550	11944	8345	6576	6519	6666	13156	12651	11715	7813	6091	6059	6118	13959	12566	8401	6794	6710	6741	13281	8265	7524	7489	7497	7711	10458	7842	7813	6934	6894	6993	8325	8302	13443
15916	13610	13160	12394	12338	12729	12782	12576	12306	11900	4606	3542	3522	3583	13667	13248	12310	12392	12709	12721	12530	12400	11953	4590	3523	3510	3516	13706	12491	12488	12990	13050	12784	12419	11954	4688	3600	3463	3572	12702	12676	13231	13240	12989	12703	12131	4915	3667	3631	3615	17532	13966	12660	12460	12239	11937	4456	3513	3401	3418	14046	12673	12559	12285	11888	4578	3495	3374	3369	13237	12917	12613	12068	4872	3730	3606	3638	13219	12874	12342	5179	3768	3748	3839	13629	12676	5323	4162	4107	4105	13131	4982	4589	4498	4592	4379	6957	4610	4642	3841	3868	3783	4723	4676	8632
13162	12544	12150	9995	10122	11102	11811	11738	11467	10310	7762	5745	5653	5643	12346	12255	10108	10015	11268	11997	11691	11497	10194	7798	5786	5655	5727	12713	10304	10248	11574	12357	12399	12083	10582	8098	5801	5830	5744	10440	10301	11600	12568	12458	12140	10763	8041	5806	5742	5758	13995	11944	10143	10107	10029	9043	7306	5539	5435	5526	11878	10184	10090	9871	9086	7256	5526	5485	5488	11482	11319	11162	9982	7727	5636	5698	5650	12456	12115	10677	8203	5918	5745	5793	12503	10907	8186	6014	5949	5948	11400	8289	6248	6189	6221	7725	8011	6778	6764	5494	5552	5409	6752	6583	11203
14494	14220	14178	12706	12753	13720	14092	13979	13960	13145	7396	5176	5107	5109	14136	14213	12723	12757	13533	14021	14057	13995	13084	7434	5246	5196	5124	14265	12798	12778	13630	14407	14323	14107	13193	7417	5317	5192	5130	12775	12784	13821	14274	14328	14178	13417	7370	5258	5204	5168	14728	13638	12782	12596	12648	12207	7110	5182	5105	5057	13597	12750	12724	12720	12282	6961	5197	5058	5106	13654	13622	13531	12842	7318	5255	5112	5158	14388	14125	13369	7400	5221	5238	5094	14304	13557	7375	5393	5148	5159	13654	7347	5401	5325	5227	7416	5947	5595	5559	4833	4793	4857	5796	5764	9902
11286	11268	11343	10024	9966	10742	11142	11097	11145	10418	5271	3499	3514	3544	11295	11236	9904	10004	10795	11128	11178	11086	10344	5208	3433	3592	3549	11378	9903	9884	10778	11274	11392	11281	10597	5287	3527	3600	3443	9885	9930	10761	11332	11404	11273	10538	5297	3498	3555	3501	11789	10785	9936	9821	9690	9426	5091	3514	3489	3444	10674	9874	9789	9770	9388	5022	3487	3437	3389	10649	10679	10642	9959	5249	3467	3501	3468	11350	11219	10565	5278	3474	3533	3573	11299	10639	5276	3527	3592	3507	10742	5380	3600	3699	3702	5249	4092	3826	3859	3215	3216	3170	4035	4012	7351
11595	11408	11170	9664	9643	10579	11120	10998	10752	9852	6164	4347	4331	4289	11254	11305	9621	9572	10483	11136	11012	10832	9955	6210	4269	4300	4275	11552	9668	9713	10705	11436	11372	11289	10104	6318	4415	4281	4297	9735	9525	10703	11446	11378	11260	10168	6209	4386	4321	4367	12044	10771	9642	9640	9502	8918	5805	4230	4193	4254	10759	9769	9637	9563	9036	5817	4266	4280	4173	10592	10526	10410	9521	6165	4277	4282	4308	11454	11109	10173	6207	4295	4291	4304	11315	10253	6362	4484	4414	4326	10578	6354	4531	4570	4618	6184	5396	4917	4884	4003	4039	3900	4887	5026	8528
17871	15580	15145	14051	14101	14650	14521	14283	14058	13501	7143	5437	5556	5572	15619	15203	14092	14057	14678	14547	14219	13988	13489	7135	5500	5505	5468	15675	14302	14269	14958	14910	14552	14351	13728	7468	5622	5633	5605	14534	14545	15257	15125	14848	14515	13799	7597	5736	5797	5746	19806	16146	14398	14280	13966	13455	7107	5491	5441	5457	16255	14441	14201	14008	13544	7075	5498	5450	5480	15023	14735	14390	13731	7522	5767	5801	5784	15118	14793	13963	7900	5893	5985	5909	15687	14418	8288	6280	6430	6459	15134	7760	6949	6929	7008	6904	9794	7188	7108	5832	5968	5962	7278	7302	12394
13246	13254	13264	12300	12281	12934	13189	13183	13133	12677	6235	4269	4339	4324	13191	13217	12215	12366	12905	13277	13225	13303	12568	6366	4293	4267	4237	13334	12161	12258	12918	13234	13356	13222	12687	6307	4251	4287	4234	12289	12303	12937	13315	13347	13310	12740	6372	4254	4268	4252	13570	12835	12213	12214	12259	11755	6092	4152	4233	4223	12817	12188	12313	12174	11769	6101	4211	4168	4130	12791	12931	12988	12445	6299	4201	4204	4208	13284	13320	12680	6269	4271	4211	4224	13175	12677	6345	4224	4331	4222	12914	6367	4349	4372	4254	6401	4648	4556	4500	3943	3842	3847	4762	4639	8488
16680	15144	14928	14295	14267	14605	14468	14467	14318	14016	4896	3689	3722	3673	15146	14925	14282	14268	14585	14567	14403	14275	13939	4885	3748	3709	3703	15259	14429	14388	14798	14735	14547	14380	14046	5020	3711	3816	3755	14510	14514	14882	14971	14730	14571	14126	5196	3865	3900	3781	17808	15572	14466	14268	14262	13909	4766	3645	3667	3682	15551	14412	14333	14198	13877	4779	3704	3706	3687	14870	14742	14458	14077	5096	3821	3821	3805	14839	14691	14245	5312	3890	3864	3833	15246	14411	5453	4153	4245	4118	14891	5262	4472	4472	4507	4838	6213	4606	4492	3849	3762	3766	4645	4677	8341
16407	14099	13623	12416	12447	12994	13018	12661	12403	11853	7090	5376	5454	5375	14137	13657	12395	12513	12885	12934	12484	12331	11772	7112	5431	5413	5311	14082	12619	12706	13155	13263	12955	12564	12008	7398	5587	5557	5571	12845	12793	13555	13553	13120	12779	12237	7507	5740	5704	5622	18225	14694	12729	12452	12285	11868	6893	5367	5388	5450	14684	12729	12517	12337	11864	6988	5418	5424	5352	13348	12971	12742	12097	7470	5672	5620	5758	13388	13049	12311	7865	5797	5809	5826	13987	12860	8144	6364	6360	6362	13401	7666	6987	6993	6882	6948	9957	6937	6942	5910	5899	5884	7108	7194	11961
13340	11348	10839	9476	9465	10121	10078	9741	9564	8941	6575	5163	5066	5045	11178	10800	9524	9504	10114	10111	9730	9564	8950	6500	5170	5100	5063	11255	9703	9659	10404	10346	9963	9791	9158	6651	5287	5269	5256	9964	9947	10673	10777	10394	10032	9226	6965	5467	5378	5435	15587	11852	9792	9695	9497	8908	6424	5054	5137	5065	12012	9882	9624	9449	8835	6428	5107	5083	5104	10672	10292	9941	9278	7041	5451	5346	5352	10630	10338	9507	7329	5556	5400	5430	11398	10078	7653	6116	6045	6154	10792	7171	6815	6830	6823	6350	9952	6888	6904	5730	5719	5733	6968	6971	11878
16519	14019	13676	12593	12538	13128	13148	12869	12671	12143	5782	4411	4412	4461	14040	13755	12648	12506	13117	13094	12892	12608	12123	5725	4386	4444	4417	14151	12822	12875	13390	13466	13049	12814	12327	5860	4523	4456	4495	13022	12963	13714	13814	13339	12993	12361	6210	4664	4540	4638	18280	14583	12966	12781	12505	12049	5714	4314	4425	4310	14536	12933	12782	12508	12087	5629	4285	4422	4351	13614	13229	12913	12281	6114	4588	4599	4618	13719	13237	12557	6520	4794	4730	4690	14092	13103	6697	5220	5236	5181	13639	6457	5735	5784	5686	5671	8270	5766	5695	4773	4800	4786	5810	5974	10408
15591	14191	13953	13238	13201	13568	13436	13382	13261	12981	4540	3418	3337	3310	14206	13874	13263	13281	13502	13396	13273	13261	12962	4626	3358	3369	3306	14211	13341	13347	13734	13742	13523	13423	13116	4698	3455	3369	3347	13482	13385	13859	13947	13710	13495	13112	4807	3412	3504	3434	16862	14514	13429	13249	13135	12980	4521	3368	3331	3316	14533	13363	13248	13152	12986	4561	3383	3344	3334	13763	13564	13481	13094	4844	3474	3424	3487	13806	13565	13249	4846	3501	3526	3482	14196	13510	5088	3816	3801	3727	13882	4883	4166	4125	4137	4476	5777	4204	4194	3616	3571	3600	4413	4455	7898
15066	14852	14818	13408	13589	14435	14912	14774	14693	13921	7551	5153	5280	5140	14887	14949	13658	13572	14435	14922	14799	14624	14034	7408	5131	5214	5215	15002	13554	13590	14509	15057	14977	14950	14099	7544	5142	5226	5186	13461	13500	14430	15017	15057	14907	14168	7522	5160	5216	5182	15344	14328	13471	13380	13475	12969	7284	5023	5084	5035	14424	13496	13457	13438	12975	7395	5109	5125	5097	14437	14389	14259	13593	7454	5133	5150	5149	15036	14978	14183	7569	5126	5227	5200	15046	14155	7474	5207	5261	5199	14462	7525	5323	5359	5327	7607	5758	5653	5583	4717	4772	4806	5805	5822	10099
15932	13761	13300	11792	11719	12396	12303	11952	11809	11085	9102	7474	7490	7493	13863	13259	11781	11769	12538	12369	12022	11763	11007	9075	7504	7488	7520	13790	12031	12008	12816	12839	12285	12084	11206	9229	7547	7456	7419	12384	12257	13193	13131	12742	12341	11376	9631	7786	7753	7759	18096	14637	12136	11811	11678	10949	9091	7437	7451	7501	14705	12022	11906	11605	10886	9032	7410	7602	7507	12966	12573	12243	11412	9753	7808	7807	7930	13163	12608	11534	9810	7842	7829	7797	13868	12318	10329	8647	8608	8653	13075	9945	9308	9352	9389	8940	13026	9552	9555	8206	8228	8220	9760	9760	15110
14240	12124	11732	10412	10396	10982	10837	10626	10319	9697	7473	5895	5963	5936	12173	11752	10438	10298	11042	10891	10649	10388	9710	7391	5912	5977	5866	12221	10515	10535	11323	11278	10803	10607	9849	7698	6042	6074	6067	10779	10727	11743	11650	11124	10883	9953	7892	6191	6217	6339	16515	12825	10597	10403	10200	9532	7378	5900	6024	5947	12870	10667	10405	10166	9577	7391	5841	5917	5893	11380	10981	10619	9984	8031	6283	6170	6273	11452	11071	10150	8185	6299	6332	6334	12248	10822	8568	7054	7003	7025	11533	8211	7652	7783	7727	7316	11098	7857	7820	6643	6592	6590	8010	8031	13070
16615	14597	14171	13104	13129	13601	13508	13231	13146	12607	6821	5293	5213	5235	14628	14149	13046	13162	13618	13433	13185	13107	12545	6750	5301	5183	5208	14789	13166	13183	13699	13797	13597	13341	12611	6738	5321	5223	5259	13363	13331	13980	14152	13841	13500	12728	6934	5417	5361	5346	18721	15298	13094	13070	12977	12414	6792	5388	5371	5393	15340	13129	13152	12943	12550	6793	5370	5387	5351	13745	13657	13491	12756	7202	5500	5726	5706	14253	13591	12833	7126	5472	5411	5494	14797	13312	7523	5900	5948	6037	14203	7359	6650	6656	6652	6706	9520	6893	6920	5868	5837	5942	7210	7208	12320
14452	12532	12069	11038	11104	11497	11413	11187	10990	10632	4959	3860	3886	3963	12474	12025	11071	11058	11635	11398	11282	11025	10686	4964	3787	3900	3858	12598	11160	11244	11864	11786	11464	11168	10726	5153	3950	3947	4000	11397	11424	12057	12147	11813	11441	10901	5391	4176	3979	4039	16510	13029	11314	10988	10952	10597	4954	3893	3721	3921	13060	11239	10958	10876	10546	4991	3885	3721	3899	12000	11628	11427	10826	5411	4121	4036	4222	11961	11621	10976	5587	4151	4115	4234	12473	11422	5704	4607	4531	4710	11992	5503	5078	5200	5123	4869	7916	5241	5303	4366	4442	4372	5407	5316	9803
18135	15725	15363	14140	14154	14605	14518	14267	14076	13516	8378	6567	6593	6576	15863	15268	14132	14078	14475	14555	14198	14062	13567	8426	6582	6582	6505	15918	14355	14378	15007	14965	14501	14369	13707	8644	6622	6771	6701	14591	14621	15336	15233	14878	14584	13890	8880	6874	6874	6925	19871	16427	14490	14221	14042	13462	8219	6593	6535	6551	16356	14446	14173	13925	13407	8261	6525	6495	6498	15210	14778	14469	13747	8927	6823	6954	6905	15196	14920	13949	9202	6986	7007	7064	15947	14614	9644	7604	7641	7583	15205	9100	8220	8171	8264	8186	11182	8397	8314	7079	7168	7065	8457	8530	13807
14520	12170	11681	10552	10563	11011	11061	10676	10487	10029	6010	4664	4727	4711	12142	11636	10500	10488	10993	11086	10666	10505	9947	5869	4667	4596	4711	12285	10719	10765	11379	11287	10966	10716	10153	6107	4691	4718	4876	10986	11004	11703	11645	11248	11076	10295	6365	4971	4933	5029	16319	12617	10909	10633	10466	10002	5889	4648	4725	4750	12695	10836	10617	10511	10013	5865	4583	4563	4715	11592	11188	10954	10244	6401	4902	4854	4851	11653	11258	10531	6756	5120	5044	5042	12167	11073	6905	5562	5502	5544	11595	6598	6163	6103	6056	5794	9019	6163	6263	5187	5195	5088	6236	6258	10796
16749	14791	14410	13486	13529	13903	13834	13786	13559	13083	5359	3983	4011	4030	14851	14348	13470	13488	13846	13852	13763	13498	13098	5255	4100	4061	3985	14920	13629	13610	14149	14176	13852	13658	13164	5571	4087	4038	4052	13812	13765	14385	14372	14128	13855	13295	5718	4277	4250	4106	18339	15119	13757	13539	13463	13019	5254	4008	3943	3931	15153	13725	13506	13396	13032	5259	4002	4013	3890	14170	14078	13736	13296	5613	4267	4209	4138	14401	14086	13456	5999	4373	4454	4348	14767	13782	6118	4670	4684	4638	14343	5871	5153	5076	5013	5250	7314	5171	5108	4344	4339	4288	5350	5305	9462
19364	17409	17056	16295	16316	16708	16681	16358	16227	15889	6610	4985	4923	5048	17411	17143	16334	16286	16699	16728	16383	16247	15864	6657	4910	4978	5002	17605	16473	16505	16832	16942	16653	16393	15917	6796	4948	5026	5007	16620	16601	17259	17215	16804	16533	16130	6975	5160	5095	5165	20678	17841	16580	16466	16185	15879	6530	4921	4926	4962	17801	16607	16425	16243	15856	6597	4974	4944	4940	17076	16802	16520	16102	6898	5073	5119	5142	17140	16799	16262	7256	5248	5291	5322	17485	16536	7398	5527	5608	5616	17000	7081	5962	5921	6011	6533	8083	5990	6005	5111	5086	5095	6135	6230	10758
14193	13900	13808	12229	12156	13224	13673	13822	13596	12481	7309	5194	5158	5122	13905	13776	12109	12228	13303	13779	13766	13494	12539	7317	5225	5210	5061	14082	12154	12206	13281	14023	14060	13930	12725	7287	5205	5148	5148	12143	12129	13196	14041	13926	13807	12605	7377	5173	5177	5173	14476	13291	11958	12105	11929	11435	7134	5136	5068	5108	13372	12078	12033	12076	11462	7174	5137	5101	5214	13131	12997	12933	12206	7275	5145	5166	5163	14031	13849	12727	7428	5159	5249	5118	14101	12833	7452	5289	5284	5215	13289	7467	5375	5409	5379	7311	6252	5755	5767	4873	4869	4950	6057	6061	10296
13605	11513	10899	9559	9477	10169	10119	9661	9489	8912	7132	5798	5693	5733	11413	10866	9489	9499	10160	10117	9887	9508	8973	7236	5758	5863	5732	11439	9772	9856	10561	10485	10176	9838	9190	7613	5978	5945	5988	10064	10012	10900	10887	10469	10056	9258	7961	6168	6195	6063	16048	12219	10039	9769	9513	8851	7102	5771	5636	5605	12124	9954	9705	9408	8830	7065	5788	5590	5597	10868	10341	10012	9133	7822	6177	6082	6045	10907	10440	9477	8141	6366	6221	6253	11490	10112	8478	6911	6974	6889	10903	8039	7726	7659	7742	7025	11029	7741	7557	6499	6457	6512	7834	7786	12821
15616	13773	13153	11998	12006	12484	12491	12210	11998	11413	7658	5946	6054	6065	13736	13215	12041	11991	12651	12616	12322	12046	11411	7677	6011	6081	6082	13619	12292	12243	12932	12864	12577	12233	11636	7838	6130	6216	6268	12509	12464	13211	13223	12760	12431	11805	8237	6346	6382	6303	17706	14368	12300	12102	12012	11424	7648	6002	6164	6064	14442	12351	12092	11888	11314	7639	5949	6111	6025	12914	12703	12293	11761	8225	6344	6437	6402	13179	12721	11898	8444	6259	6476	6478	13752	12507	8747	6933	7068	7077	13177	8557	7629	7843	7708	7618	10696	7945	7898	6778	6736	6664	7933	8014	13093
11566	11222	11083	9826	9694	10693	10987	10980	10827	10071	6091	4072	4149	4094	11268	11162	9687	9752	10536	11060	10989	10841	10017	6049	4030	4020	4109	11522	9860	9695	10702	11412	11277	11116	10147	6153	4102	4122	4163	9714	9764	10717	11450	11345	11216	10213	6142	4141	4100	4145	12032	10766	9825	9679	9526	9068	5755	3915	3970	3965	10807	9708	9779	9645	9030	5785	3889	3976	3998	10685	10675	10497	9745	6095	4078	4094	4023	11611	11249	10385	6095	4112	4093	4139	11297	10379	6202	4234	4259	4176	10570	6119	4335	4265	4230	6061	5020	4518	4522	3910	3842	3900	4891	4680	8299
13389	13404	13417	12476	12454	13048	13332	13370	13294	12863	5891	4051	4205	4056	13372	13413	12467	12312	13076	13531	13322	13358	12855	5906	3998	4137	4019	13488	12462	12525	13203	13549	13576	13548	13098	5914	4201	4136	4127	12321	12414	13149	13431	13423	13487	13098	5880	4092	4080	4035	13650	12945	12462	12350	12296	12056	5868	3970	4051	3971	13006	12502	12466	12480	12128	5790	4016	4070	4050	13076	13054	13097	12668	5970	4015	4132	4035	13656	13498	12975	5901	4080	4176	4072	13379	12907	5953	4055	4145	4035	13259	6006	4067	4186	4104	5971	4408	4270	4209	3728	3648	3749	4603	4605	8224
11788	10062	9667	8664	8635	9084	8630	8724	8673	8065	5275	4082	4167	4177	10052	9564	8574	8495	9085	8741	8704	8686	8101	5277	4165	4221	4208	10227	8566	8654	9018	9254	9003	8732	8111	5062	4124	4194	4094	8638	8700	9244	9518	9279	8890	8142	5209	4060	4214	4150	13847	10747	8436	8412	8430	8080	5324	4262	4390	4256	10692	8409	8374	8356	8041	5309	4276	4326	4239	8887	8948	8871	8471	5730	4534	4526	4546	9467	8919	8199	5326	4061	4112	4110	9994	8720	5594	4633	4618	4557	9433	5616	5210	5230	5248	5093	7912	5666	5590	4932	4996	4949	6062	6025	10243
13582	11180	10693	9472	9403	10105	10033	9609	9432	8839	6909	5487	5490	5475	11284	10784	9555	9570	10113	9961	9723	9420	8830	6857	5567	5513	5542	11260	9760	9722	10298	10301	9957	9648	8987	7070	5640	5695	5708	9971	9921	10650	10684	10237	9881	9143	7515	5916	5756	5840	15323	11883	9816	9513	9333	8743	6804	5473	5456	5429	11875	9857	9534	9278	8620	6848	5421	5361	5472	10467	10040	9806	9092	7416	5771	5917	5855	10567	10146	9280	7853	5971	5965	6034	11260	9989	8133	6582	6578	6602	10511	7636	7216	7215	7287	6683	10497	7317	7428	6165	6050	6091	7377	7442	12329
11791	11326	11012	9357	9281	10323	10815	10824	10667	9469	6369	4518	4472	4458	11259	10998	9349	9340	10287	10817	10674	10624	9467	6441	4544	4475	4567	11426	9368	9309	10452	11368	11363	11079	9674	6588	4586	4518	4585	9339	9367	10560	11460	11298	10986	9687	6558	4613	4524	4579	12399	10551	9210	9244	9074	8464	5986	4394	4425	4431	10608	9254	9171	9074	8440	6036	4424	4346	4409	10377	10364	10151	9097	6434	4502	4503	4449	11435	11114	9765	6608	4545	4583	4465	11446	10023	6788	4712	4583	4702	10343	6716	4888	4844	4896	6412	6050	5355	5236	4241	4282	4293	5340	5225	9344
17630	15275	14864	13538	13561	14094	13987	13746	13552	12939	8610	6938	6924	6919	15286	14833	13521	13573	14109	14037	13758	13640	12948	8564	6977	6876	6920	15349	13712	13802	14429	14355	14103	13747	13181	8963	6986	7088	7068	14093	14081	14845	14771	14425	13890	13254	9247	7086	7210	7076	19329	15874	13913	13567	13375	12835	8563	6821	6799	6728	15832	13938	13612	13358	12811	8586	6784	6793	6770	14711	14347	13821	13209	9140	7181	7145	7159	14766	14374	13429	9729	7273	7290	7342	15306	14058	9882	7840	7980	7916	14606	9361	8574	8563	8557	8494	11586	8602	8554	7300	7335	7329	8860	8831	13966
14832	12354	11899	10832	10775	11260	11205	11003	10761	10309	5414	4328	4056	4172	12445	11896	10819	10702	11340	11144	10982	10827	10283	5408	4302	4127	4125	12423	11056	10974	11534	11545	11298	10886	10493	5541	4319	4319	4273	11149	11173	11847	11796	11452	11184	10531	5802	4468	4550	4395	16742	12868	11064	10862	10676	10374	5200	4227	4093	4120	12818	11085	10847	10704	10252	5200	4249	4088	4125	11842	11486	11208	10640	5757	4578	4401	4427	11880	11449	10776	6243	4614	4499	4489	12300	11255	6318	5124	5097	5036	11842	6018	5614	5524	5609	5235	8569	5707	5533	4655	4628	4670	5663	5577	10178
14534	14195	14130	12184	12234	13219	13789	13734	13697	12605	8328	5752	5890	5840	14283	14047	12150	12251	13281	13744	13852	13623	12536	8205	5739	5882	5775	14385	12247	12233	13443	14217	14221	14101	12794	8317	5803	5916	5759	12269	12241	13403	14398	14264	14101	12709	8340	5768	5834	5898	15075	13538	12258	12198	12128	11367	7802	5553	5760	5684	13498	12241	12276	12083	11305	7912	5614	5660	5647	13333	13203	13238	12064	8143	5787	5830	5863	14441	14056	12848	8329	5765	5973	5756	14420	12908	8426	5960	5956	5930	13364	8448	6120	6164	6091	8265	7249	6698	6548	5399	5561	5506	6812	6651	11382
13504	12676	12411	10486	10413	11472	12184	11930	11573	10269	8231	6290	6156	6201	12729	12470	10399	10332	11513	12116	11736	11580	10311	8273	6175	6275	6208	12966	10580	10621	11756	12699	12520	12268	10777	8557	6317	6338	6226	10733	10599	11855	12799	12697	12357	10665	8592	6304	6336	6251	14596	12231	10481	10292	10174	9490	7850	5975	5940	5977	12258	10420	10291	10185	9334	7815	6035	5979	5970	11771	11541	11297	10069	8192	6204	6198	6212	12808	12487	10778	8634	6372	6364	6234	12876	11150	8886	6570	6549	6496	11630	8788	6853	6883	6968	8179	8965	7493	7467	6068	6035	6094	7179	7224	12034
16792	14701	14213	12847	12859	13590	13408	13058	12907	12277	8603	6791	6891	6847	14733	14275	12916	12953	13558	13488	13129	12932	12297	8698	6827	6887	6902	14782	13148	13207	13831	13762	13503	13112	12366	8873	6875	6978	6942	13437	13297	14114	14092	13703	13370	12581	9077	7123	7194	7150	18818	15387	13197	12972	12831	12224	8477	6687	6924	6856	15416	13169	13000	12789	12213	8450	6778	6987	6775	14035	13654	13386	12579	9221	7161	7271	7183	14036	13659	12803	9378	7235	7308	7316	14553	13316	9750	7842	7901	7849	13991	9382	8531	8635	8526	8407	11737	8672	8708	7282	7390	7485	8959	8899	14343
