1-2	1-3	1-4	1-5	1-6	1-7	1-8	1-9	1-10	1-11	1-12	1-13	1-14	1-15	2-3	2-4	2-5	2-6	2-7	2-8	2-9	2-10	2-11	2-12	2-13	2-14	2-15	3-4	3-5	3-6	3-7	3-8	3-9	3-10	3-11	3-12	3-13	3-14	3-15	4-5	4-6	4-7	4-8	4-9	4-10	4-11	4-12	4-13	4-14	4-15	5-6	5-7	5-8	5-9	5-10	5-11	5-12	5-13	5-14	5-15	6-7	6-8	6-9	6-10	6-11	6-12	6-13	6-14	6-15	7-8	7-9	7-10	7-11	7-12	7-13	7-14	7-15	8-9	8-10	8-11	8-12	8-13	8-14	8-15	9-10	9-11	9-12	9-13	9-14	9-15	10-11	10-12	10-13	10-14	10-15	11-12	11-13	11-14	11-15	12-13	12-14	12-15	13-14	13-15	14-15
11055	10384	10286	8453	8514	9578	10102	9807	9730	8505	6297	4490	4507	4546	10532	10383	8491	8671	9541	10161	9960	9733	8682	6306	4501	4444	4422	10718	8649	8722	9691	10512	10410	10142	8791	6542	4568	4541	4652	8659	8852	9824	10646	10498	10301	8942	6506	4551	4575	4560	11915	10137	8629	8532	8333	7614	6014	4328	4373	4219	9916	8686	8522	8405	7622	5994	4257	4316	4359	9843	9470	9244	8412	6201	4389	4402	4469	10553	10297	8909	6528	4519	4593	4593	10417	9146	6642	4704	4746	4787	9674	6624	4933	4951	4885	6173	6196	5344	5286	4203	4313	4299	5175	5239	9000
15370	13209	12689	11283	11288	11999	11884	11556	11361	10653	7666	6086	6098	6157	13132	12709	11320	11412	12047	11806	11469	11309	10684	7711	6067	6178	6136	13263	11498	11578	12265	12247	11902	11657	10776	7922	6209	6196	6243	11709	11914	12586	12634	12220	11882	11029	8254	6519	6381	6400	17445	13767	11778	11367	11241	10544	7593	6009	6013	6154	13825	11729	11340	11269	10632	7618	6058	6059	6208	12463	12018	11687	10965	8212	6424	6460	6491	12654	12129	11141	8463	6523	6582	6529	13171	11769	8912	7058	7141	7118	12528	8397	7905	7869	7946	7425	11040	8032	7958	6764	6726	6778	8223	8117	13456
13886	13774	13761	12375	12346	13106	13646	13639	13591	12810	6505	4542	4575	4415	13868	13862	12319	12366	13123	13631	13447	13579	13029	6504	4441	4465	4443	13981	12479	12350	13364	13791	13799	13717	13059	6551	4473	4584	4494	12327	12428	13230	13898	13706	13603	13088	6601	4533	4534	4451	14241	13129	12361	12248	12254	11818	6386	4453	4405	4412	13147	12371	12340	12361	11803	6319	4381	4443	4366	13191	13176	13046	12522	6528	4440	4423	4491	13799	13611	13091	6547	4512	4489	4465	13758	13126	6578	4499	4518	4442	13249	6663	4574	4580	4563	6527	4955	4864	4756	4086	4086	4009	4996	5010	8927
15197	13623	13376	12583	12568	12972	12680	12652	12618	12128	4759	3548	3613	3658	13567	13290	12528	12552	13033	12787	12659	12528	12179	4788	3647	3637	3676	13797	12548	12635	12989	13143	12868	12676	12170	4862	3653	3605	3630	12663	12734	13179	13304	13085	12904	12240	4927	3612	3719	3685	16624	14281	12534	12509	12508	12279	4872	3736	3710	3749	14210	12584	12581	12430	12276	4834	3741	3761	3681	13003	12894	12795	12452	5158	3851	3856	3858	13185	12885	12286	4997	3660	3751	3692	13680	12816	5315	4013	4045	4038	13228	5212	4600	4486	4557	4748	6524	4708	4750	3995	3964	4033	5026	5007	8783
14578	12382	11921	10486	10588	11179	10971	10595	10394	9774	7799	6312	6334	6330	12379	11898	10515	10585	11209	10918	10656	10500	9838	7770	6326	6323	6346	12604	10748	10720	11563	11537	11021	10670	9960	7910	6439	6502	6390	10976	10935	11718	11828	11326	10929	10008	8345	6466	6609	6586	16706	13303	10722	10573	10292	9715	7842	6227	6250	6285	13259	10694	10454	10265	9688	7893	6260	6289	6244	11534	11076	10859	10099	8595	6783	6684	6711	11605	11256	10237	8616	6687	6767	6659	12430	11075	8879	7421	7483	7444	11784	8506	8201	8221	8186	7701	11730	8477	8467	7125	7086	7132	8564	8597	13967
14184	13877	13780	12075	12182	13205	13692	13459	13512	12439	7651	5281	5282	5283	13913	13786	12122	12097	13073	13701	13615	13438	12510	7759	5278	5323	5267	13978	12098	12124	13307	14047	13941	13745	12575	7692	5251	5335	5222	12167	12129	13288	14159	13955	13851	12638	7732	5334	5362	5263	14770	13247	12055	12159	11923	11270	7349	5169	5123	5163	13291	12115	12123	12013	11384	7441	5117	5153	5135	13154	13155	13021	12339	7658	5211	5326	5218	14077	13902	12762	7614	5344	5322	5268	13909	12818	7760	5279	5389	5465	13104	7764	5541	5465	5574	7541	6262	5899	5925	4941	4914	4945	6132	6039	10466
16357	14173	13704	12548	12561	13036	13011	12666	12513	12012	7382	5730	5785	5668	14190	13680	12578	12535	12971	13060	12680	12627	12008	7371	5814	5861	5700	14224	12822	12823	13324	13367	12943	12769	12166	7624	5908	5946	5859	12994	12975	13676	13685	13276	12954	12309	7933	5930	6113	5969	18047	14692	12900	12636	12475	11948	7349	5663	5726	5636	14659	12889	12652	12474	11888	7382	5655	5680	5635	13549	13282	12918	12260	7848	6009	6029	5953	13612	13256	12423	8244	6179	6217	6218	14259	13028	8539	6686	6780	6727	13489	8111	7189	7396	7232	7241	10125	7255	7275	6169	6179	6188	7374	7385	12388
11789	11300	11073	9444	9391	10441	10960	10841	10640	9483	6420	4465	4385	4366	11382	11186	9432	9474	10308	10944	10928	10835	9575	6470	4387	4457	4441	11556	9434	9495	10481	11223	11293	10984	9693	6531	4502	4493	4412	9501	9495	10506	11579	11398	11044	9908	6478	4421	4499	4393	12314	10769	9390	9420	9263	8605	5963	4320	4232	4256	10775	9520	9390	9290	8568	5917	4234	4217	4326	10385	10317	10363	9272	6213	4343	4355	4417	11378	11253	9800	6475	4423	4396	4452	11382	10059	6560	4483	4525	4541	10319	6506	4782	4695	4698	6231	5737	5114	5074	4168	4128	4099	5042	5049	8990
16256	14496	14021	13161	13247	13511	13601	13335	13265	12851	5651	4259	4188	4213	14442	14039	13265	13266	13538	13555	13405	13227	12827	5663	4232	4173	4211	14419	13435	13405	13829	13854	13623	13397	13001	5754	4277	4304	4323	13553	13566	14075	14079	13681	13540	13107	5909	4441	4389	4368	17541	14692	13569	13259	13241	12882	5559	4182	4222	4195	14760	13508	13317	13216	12884	5474	4192	4239	4218	13972	13633	13509	13090	5970	4332	4447	4355	14056	13750	13273	6194	4489	4523	4457	14419	13531	6320	4860	4852	4759	13940	6131	5172	5196	5192	5529	7319	5259	5234	4542	4512	4500	5462	5403	9463
16477	14401	13844	12896	12807	13432	12881	13125	12991	12364	7060	5540	5604	5652	14287	13786	12743	12698	13382	12894	12980	12964	12400	7066	5578	5587	5674	14762	12591	12534	13212	13594	13445	12972	12297	6878	5413	5391	5389	12803	12756	13498	13842	13689	13249	12371	7012	5448	5508	5534	18596	15371	12359	12487	12612	12293	7379	5782	5685	5751	15360	12284	12536	12588	12257	7339	5757	5727	5803	12997	13109	13151	12739	7869	5997	6053	6075	13751	13092	12223	6918	5334	5293	5383	14562	13009	7444	5873	6030	6026	13944	7525	6708	6745	6855	7128	9529	7175	7087	6597	6557	6660	7964	7898	13224
14051	13784	13754	12418	12307	13186	13630	13708	13608	12839	5607	3910	3916	3903	14020	13753	12430	12293	13238	13609	13637	13524	13035	5576	3843	3927	3809	13888	12129	12312	13212	13923	13800	13757	13067	5623	3820	3860	3779	12164	12234	13062	13828	14032	13667	12955	5517	3875	3815	3808	14221	13200	12228	12021	12213	11879	5563	3972	3917	3893	13167	12049	12148	12249	12015	5540	3975	3850	3942	13118	13078	13093	12757	5622	3889	3816	3882	13825	13699	13016	5446	3836	3886	3776	13766	13053	5605	3929	3895	3874	13204	5618	3984	4004	3965	5656	4318	4179	4096	3829	3732	3775	4772	4770	8617
17874	15413	15014	13857	13877	14452	14307	14108	13891	13480	7421	5741	5581	5579	15465	15041	13862	13881	14451	14358	14141	13939	13441	7441	5660	5601	5655	15550	14104	14139	14749	14756	14431	14166	13562	7678	5683	5737	5758	14361	14432	15084	15082	14565	14315	13620	7844	5839	5782	5860	19515	15956	14202	13956	13852	13365	7342	5663	5615	5583	15987	14291	14006	13836	13314	7360	5622	5534	5643	14883	14491	14250	13617	7880	5863	5870	5993	14909	14637	13875	8308	6058	6001	6027	15417	14369	8395	6592	6407	6377	14930	8047	7037	7078	7053	7203	9677	7022	7166	6008	5949	6063	7364	7344	12306
16058	14117	13697	12661	12519	13021	12974	12682	12587	12031	7742	6043	6054	6048	14163	13675	12670	12585	13141	13041	12826	12612	12071	7727	6075	6047	6062	14249	12648	12692	13421	13364	13023	12793	12169	7964	6235	6098	6106	12939	13031	13730	13751	13224	12963	12310	8099	6328	6308	6256	17981	14775	12862	12656	12418	11938	7618	6048	6042	6050	14730	12776	12683	12423	11930	7660	6079	5984	6017	13502	13119	12867	12232	8206	6277	6349	6314	13704	13186	12403	8503	6422	6399	6382	14160	12923	8771	6911	7052	6976	13563	8450	7614	7654	7500	7600	10554	7685	7661	6575	6564	6600	7792	7773	12673
14241	11659	11165	10139	10158	10609	10528	10294	10109	9633	5816	4599	4540	4445	11722	11189	10101	10048	10599	10609	10323	10173	9622	5818	4597	4565	4518	11797	10303	10327	10873	10818	10576	10301	9652	6147	4665	4682	4623	10429	10531	11285	11350	10762	10544	9857	6325	4837	4819	4791	16271	12272	10482	10230	10019	9496	5595	4524	4526	4498	12270	10500	10218	9999	9557	5720	4492	4555	4438	11279	10752	10461	9897	6260	4871	4797	4803	11073	10776	10078	6537	5044	5002	4949	11842	10511	6787	5535	5458	5447	11146	6600	6125	5964	5977	5596	8877	6145	6167	5187	4989	5033	6127	6356	10764
19106	16933	16607	15402	15351	15921	15784	15639	15304	14759	9797	7672	7735	7735	17143	16566	15402	15430	16021	15837	15593	15340	14773	9740	7673	7733	7693	17085	15557	15557	16138	16169	15852	15557	14804	9988	7875	7837	7786	15857	15862	16546	16507	16077	15773	15071	10280	7980	7964	7833	20737	17578	15678	15408	15181	14669	9614	7653	7623	7545	17535	15613	15433	15190	14609	9551	7602	7623	7637	16355	15981	15636	14945	10252	7862	8003	7913	16440	16067	15183	10700	8126	8176	8016	16975	15784	10828	8607	8687	8656	16411	10641	9288	9305	9318	9717	12204	9535	9404	8204	8167	8282	9627	9621	15073
16421	13619	13158	12044	12172	12617	12666	12229	12139	11742	5584	4341	4215	4315	13590	13118	12095	12130	12695	12565	12287	12210	11705	5552	4370	4222	4308	13676	12418	12363	12980	12900	12485	12329	11801	5773	4399	4317	4338	12477	12590	13212	13169	12916	12426	12028	6005	4550	4367	4424	18184	14132	12495	12259	12047	11631	5575	4270	4231	4222	14188	12544	12312	12057	11616	5556	4279	4194	4291	13081	12750	12444	11915	6080	4492	4471	4501	13102	12786	12080	6270	4611	4587	4572	13657	12624	6583	5145	5129	5141	13085	6295	5480	5559	5606	5487	8335	5696	5644	4728	4700	4613	5733	5706	10264
12982	10682	10218	9047	8990	9525	9436	9130	9082	8536	5996	4797	4696	4720	10648	10234	9053	9037	9587	9593	9154	8998	8500	5935	4714	4787	4720	10848	9235	9219	9857	9901	9467	9321	8638	6196	4911	4896	4917	9490	9475	10146	10169	9812	9389	8787	6451	5071	5139	5087	15083	11269	9362	9129	8887	8410	5891	4878	4768	4652	11198	9360	9041	8912	8444	5991	4781	4762	4615	10113	9585	9333	8762	6448	5009	4967	4943	10062	9843	9064	6966	5125	5161	5125	10742	9509	7113	5729	5755	5730	10154	6684	6330	6257	6202	5799	9434	6423	6512	5275	5277	5352	6424	6444	11117
13943	13628	13483	12163	12285	13149	13541	13523	13460	12750	6617	4730	4634	4712	13677	13676	12237	12298	12995	13592	13591	13460	12690	6681	4623	4564	4585	13538	12222	12206	13154	13706	13693	13695	12748	6538	4648	4606	4608	12129	12229	12958	13697	13716	13649	12773	6777	4605	4607	4616	14201	13074	12080	12001	11994	11644	6519	4549	4550	4538	13051	12188	12141	12141	11583	6534	4599	4527	4572	13039	12998	12944	12319	6635	4663	4571	4590	13658	13604	12742	6575	4694	4606	4587	13806	12988	6829	4609	4741	4588	13009	6645	4789	4673	4758	6647	5328	4923	4971	4289	4316	4350	5319	5332	9161
12790	11000	10538	9638	9569	10128	9746	9812	9791	9279	5231	4294	4159	4207	10927	10580	9682	9595	10083	9685	9825	9717	9301	5172	4233	4211	4272	11200	9546	9510	10075	10228	10111	9892	9349	5194	4185	4124	4138	9573	9715	10261	10465	10359	9960	9226	5304	4113	4141	4228	14616	11839	9343	9520	9530	9231	5479	4318	4288	4393	11725	9344	9455	9512	9194	5519	4297	4315	4361	9886	9933	9948	9555	5842	4584	4582	4524	10472	9981	9235	5107	4121	4095	4113	11139	9873	5624	4742	4673	4701	10591	5690	5269	5228	5214	5317	7639	5489	5500	5006	4989	4942	6031	6091	10447
14083	13967	13965	13135	13178	13668	13835	13922	14051	13538	6222	4182	4241	4291	13939	13878	13150	13128	13712	14055	13940	13976	13528	6169	4229	4133	4276	14062	13103	13046	13697	13942	13986	14066	13530	6250	4144	4124	4267	13127	13044	13730	14072	14009	13989	13666	6270	4153	4232	4218	13997	13618	13035	13166	13031	12741	6110	4176	4165	4277	13563	13114	13218	13145	12944	6065	4130	4212	4272	13661	13755	13518	13310	6183	4205	4180	4248	13968	13849	13514	6250	4170	4211	4254	14021	13577	6234	4214	4236	4279	13674	6301	4209	4196	4237	6213	4437	4362	4382	3846	3962	3898	4790	4706	8326
13283	11064	10592	9228	9254	9923	9799	9440	9209	8619	6719	5361	5308	5392	11118	10577	9232	9355	9861	9835	9415	9160	8549	6668	5363	5332	5378	11133	9493	9546	10257	10124	9710	9406	8743	6953	5495	5479	5526	9724	9799	10538	10607	10038	9708	8920	7214	5624	5632	5718	15519	11791	9554	9312	9046	8502	6757	5360	5285	5392	11847	9588	9215	9033	8510	6733	5304	5381	5342	10456	10012	9584	8957	7350	5787	5750	5727	10608	10035	8963	7685	5657	5806	5870	11106	9775	7928	6383	6329	6408	10503	7577	7182	7122	7209	6514	10567	7288	7364	6035	6116	6133	7412	7466	12418
16137	13643	13181	12299	12279	12629	12669	12347	12261	11768	5735	4462	4462	4411	13592	13243	12162	12174	12643	12619	12369	12153	11661	5682	4398	4410	4438	13770	12406	12357	12877	12897	12607	12356	11922	5932	4608	4605	4562	12400	12597	13265	13212	12787	12415	11939	6191	4674	4632	4597	18103	14158	12474	12149	12100	11659	5607	4492	4391	4371	14241	12534	12180	12079	11738	5703	4526	4324	4397	13102	12715	12495	11909	6060	4650	4624	4620	13192	12812	12095	6461	4881	4770	4734	13681	12526	6635	5275	5217	5173	13098	6409	5741	5687	5685	5542	8472	5756	5760	4837	4902	4754	5896	5971	10250
15154	15024	15092	13592	13765	14408	14950	14966	14922	14215	7430	5215	5127	5069	14966	14976	13634	13715	14397	14962	15060	14797	14085	7399	5157	5099	5045	15114	13641	13620	14393	15041	14921	14895	14198	7405	5201	5072	5110	13585	13561	14556	15182	15166	14918	14275	7412	5167	5039	5131	15290	14297	13499	13503	13408	13125	7204	5052	4962	5123	14430	13683	13521	13446	13127	7228	5100	4973	5042	14451	14358	14343	13691	7291	5187	4989	5010	14961	14943	14178	7459	5239	5140	5157	14931	14385	7470	5184	5169	5182	14402	7556	5341	5179	5263	7390	5801	5444	5519	4726	4671	4730	5720	5708	10030
11840	11232	11089	9437	9300	10323	10877	10792	10588	9488	6458	4576	4634	4704	11236	11162	9328	9430	10394	10957	10834	10559	9554	6538	4599	4601	4763	11443	9556	9418	10517	11359	11431	11071	9803	6654	4659	4666	4755	9425	9394	10622	11418	11384	11042	9784	6713	4634	4697	4721	12513	10785	9360	9353	9094	8570	6064	4442	4534	4486	10855	9256	9403	9225	8562	6112	4485	4418	4540	10418	10342	10259	9256	6444	4572	4641	4661	11459	11160	9751	6568	4733	4667	4763	11381	10125	6869	4829	4774	4864	10369	6662	4878	4955	4997	6444	6170	5452	5429	4333	4383	4310	5346	5288	9373
17753	15797	15344	14357	14253	14862	14663	14500	14399	13966	6279	4846	4860	4834	15758	15369	14424	14364	14949	14669	14435	14326	13906	6247	4778	4840	4880	15795	14506	14324	14960	14989	14748	14477	13955	6349	4845	4965	4896	14555	14602	15303	15336	14990	14714	14157	6560	4961	5003	4978	19491	16328	14466	14388	14284	13842	6282	4846	4933	4831	16334	14506	14427	14276	13883	6315	4837	4888	4779	15079	14832	14760	14107	6699	5113	5150	5079	15162	14901	14104	6704	5012	5107	5040	15729	14708	6904	5501	5595	5485	15277	6888	6049	6019	6034	6116	8664	6194	6185	5351	5334	5293	6422	6470	11276
15211	13262	12929	11846	11796	12354	12292	11929	11756	11231	6115	4721	4758	4730	13297	12880	11845	11795	12314	12242	11925	11752	11245	6073	4714	4712	4693	13354	11986	12080	12514	12555	12182	12027	11498	6264	4869	4805	4788	12211	12154	12813	12923	12465	12126	11547	6398	5003	4942	4866	17071	13871	12104	11796	11634	11232	5987	4725	4657	4572	13853	12002	11846	11579	11221	6099	4750	4718	4645	12706	12290	12131	11523	6444	4888	4969	4892	12716	12413	11674	6641	4982	4958	4949	13359	12235	7066	5544	5546	5499	12758	6730	6052	6098	6087	5924	8964	6134	6169	5189	5136	5136	6521	6412	11015
14034	12023	11569	10265	10361	10959	10805	10557	10393	9603	6986	5631	5583	5646	12115	11524	10171	10276	10877	10735	10658	10366	9541	6910	5680	5535	5530	12153	10533	10470	11160	11099	10789	10537	9814	7175	5733	5634	5717	10602	10689	11439	11586	11138	10730	9920	7363	5876	5701	5691	16124	12732	10474	10298	10131	9491	6931	5554	5491	5523	12719	10525	10345	10122	9620	6897	5662	5537	5567	11300	11006	10759	10056	7549	5974	5830	5893	11563	10998	10058	7587	5859	5766	5798	12187	10693	7958	6629	6591	6515	11365	7783	7301	7188	7183	6854	10555	7386	7418	6383	6328	6264	7494	7593	12600
13084	10989	10370	9173	9224	9848	9665	9305	9112	8622	6568	5192	5247	5301	10849	10364	9182	9158	9623	9667	9313	9091	8560	6552	5158	5168	5203	10785	9290	9427	10072	9993	9591	9351	8689	6758	5361	5377	5445	9667	9555	10374	10464	9949	9535	8870	7100	5488	5514	5568	15069	11448	9500	9244	9012	8449	6500	5184	5120	5201	11507	9461	9352	9101	8415	6446	5066	5160	5169	10213	9930	9536	8936	7058	5480	5478	5505	10292	9881	9010	7322	5649	5814	5626	10898	9619	7689	6238	6201	6300	10251	7280	6815	6956	6901	6297	10060	6976	6988	5813	5912	5746	6994	7110	11673
15265	13722	13502	12790	12727	13143	12717	12858	12903	12544	4966	3949	3878	3907	13707	13432	12747	12710	13149	12735	12878	12939	12411	4996	3798	3857	3865	13992	12583	12571	12987	13161	13168	12948	12372	4888	3674	3773	3759	12645	12666	13094	13448	13337	12996	12448	4897	3777	3863	3872	16855	14508	12434	12586	12583	12442	5271	3968	4005	4064	14431	12447	12548	12629	12436	5241	3985	4010	4030	12822	12890	12998	12719	5498	4148	4098	4190	13363	12961	12306	4857	3689	3740	3721	13881	12886	5227	4089	4114	4151	13443	5299	4508	4597	4621	5073	6339	4871	4972	4384	4513	4470	5424	5470	9400
19080	17147	16751	15507	15515	16163	15966	15707	15594	14983	9574	7597	7433	7562	17165	16734	15491	15506	16151	15992	15712	15635	14990	9545	7536	7498	7535	17147	15835	15789	16367	16291	16006	15713	15094	9834	7660	7582	7625	15962	15964	16746	16667	16328	15986	15211	10002	7859	7769	7849	20767	17735	15925	15634	15412	14934	9465	7530	7397	7529	17776	15843	15616	15418	14859	9563	7444	7400	7397	16491	16183	15928	15295	10102	7778	7781	7746	16532	16188	15449	10356	7982	7964	8016	17233	16001	10576	8496	8450	8647	16616	10309	9124	9008	9151	9454	11875	9190	9208	8051	7994	7950	9416	9517	14821
13123	12815	13004	11520	11541	12467	12859	12838	12654	12057	6446	4423	4447	4464	12988	12889	11669	11686	12522	12868	12943	12777	12146	6399	4400	4482	4550	13021	11520	11561	12501	12924	13017	12829	12279	6378	4494	4453	4442	11650	11682	12584	13104	12969	12949	12240	6411	4485	4458	4481	13342	12429	11539	11584	11458	11089	6205	4426	4456	4373	12405	11672	11668	11481	11045	6255	4379	4450	4380	12452	12336	12271	11696	6312	4459	4531	4486	12878	12864	12178	6454	4495	4470	4500	12894	12198	6434	4507	4501	4547	12467	6513	4557	4662	4547	6569	5014	4831	4854	4142	4116	4144	4999	4999	8770
14374	12573	12124	11035	11151	11559	11565	11392	11247	10580	5519	4339	4255	4323	12564	12153	11216	11227	11582	11516	11350	11283	10639	5637	4343	4284	4388	12632	11350	11274	11779	11776	11604	11333	10843	5654	4345	4283	4387	11537	11498	12165	12259	11875	11528	10956	5798	4490	4411	4501	16302	13175	11355	11243	11109	10780	5543	4393	4345	4321	13186	11375	11122	11139	10723	5523	4363	4285	4346	11979	11727	11612	11046	6086	4572	4511	4704	12235	11790	10953	6043	4502	4460	4460	12651	11518	6244	5003	5010	4968	12093	6205	5572	5480	5564	5451	8195	5683	5661	4781	4802	4810	5783	5785	10175
14175	12321	11974	11275	11228	11670	11396	11442	11355	10923	4527	3604	3545	3576	12296	12058	11234	11222	11672	11404	11321	11376	10898	4527	3555	3573	3589	12628	11229	11196	11677	11827	11594	11541	10894	4489	3531	3564	3561	11304	11310	11752	12000	11801	11578	10928	4527	3602	3551	3579	15807	13037	11037	11108	11069	10916	4605	3573	3726	3713	12957	11046	11096	11133	10907	4578	3662	3727	3746	11418	11497	11434	11140	4989	3831	3856	3846	12000	11556	10868	4553	3498	3438	3466	12534	11558	4834	3934	3944	3927	12085	4712	4394	4366	4411	4552	6498	4559	4705	4171	4032	4104	5161	5125	9268
17463	15608	15247	14229	14277	14692	14601	14383	14286	13877	5402	4325	4261	4288	15582	15256	14263	14190	14625	14580	14410	14296	13880	5393	4279	4265	4178	15679	14384	14414	14874	14915	14601	14479	13950	5566	4390	4297	4328	14631	14639	15174	15195	14833	14646	13917	5772	4407	4400	4351	19499	16198	14442	14277	14240	13836	5466	4314	4233	4253	16217	14335	14295	14225	13808	5439	4300	4295	4237	14995	14700	14576	14056	5824	4492	4551	4419	15169	14793	14185	5826	4461	4505	4417	15696	14706	6250	4847	4850	4863	15126	6040	5368	5409	5462	5418	7891	5610	5547	4741	4822	4665	5683	5756	10280
16785	14876	14489	13474	13479	13954	13928	13695	13569	13081	5923	4505	4419	4430	14812	14528	13502	13524	13910	13958	13643	13511	13132	5925	4395	4543	4403	14874	13669	13758	14153	14225	13835	13700	13246	6064	4510	4509	4515	13871	13851	14360	14318	14060	13841	13297	6260	4624	4677	4615	18619	15340	13712	13579	13409	13061	5820	4401	4476	4398	15359	13780	13680	13386	13038	5718	4387	4442	4420	14388	14045	13681	13281	6225	4646	4664	4663	14344	14101	13392	6584	4696	4708	4702	14809	13861	6713	5143	5210	5181	14307	6413	5605	5684	5704	5729	8074	5750	5677	4863	4730	4747	5866	5825	10263
14641	12129	11765	10506	10611	11140	10977	10608	10455	9851	6636	5304	5347	5284	12162	11695	10502	10450	11183	11034	10689	10441	9890	6760	5206	5317	5255	12177	10705	10699	11334	11448	10930	10696	10103	6949	5457	5418	5567	10946	11005	11742	11696	11286	10927	10247	7209	5485	5617	5682	16677	12943	10899	10499	10339	9775	6525	5131	5381	5233	12833	10856	10565	10352	9822	6553	5202	5168	5354	11550	11152	10940	10182	7120	5563	5498	5745	11525	11236	10376	7569	5759	5744	5716	12300	11011	7835	6308	6331	6394	11645	7418	6997	6922	6946	6576	10098	7062	7066	5903	5843	5840	7123	7080	11989
17441	14976	14417	13261	13257	13782	13725	13472	13248	12669	7362	5675	5745	5726	14939	14554	13244	13274	13820	13826	13443	13199	12641	7327	5717	5620	5664	14990	13424	13473	14081	14133	13667	13431	12714	7650	5868	5835	5863	13761	13815	14393	14437	14021	13610	12948	7799	5991	5867	5905	19463	15441	13548	13258	13170	12587	7227	5730	5601	5567	15450	13520	13347	13164	12615	7227	5741	5624	5620	14297	13891	13646	12904	7839	5974	5902	5918	14402	13964	13127	8153	6218	6153	6122	15001	13679	8401	6729	6752	6652	14336	8122	7286	7275	7270	7132	10465	7258	7380	6138	6165	6269	7558	7466	12599
14415	12086	11527	10305	10306	10881	10855	10603	10368	9758	6857	5389	5389	5429	12000	11533	10395	10348	10918	10870	10449	10326	9809	6825	5335	5455	5373	12170	10644	10678	11294	11294	10913	10658	9964	7110	5533	5505	5509	10809	10783	11424	11612	11140	10927	10128	7319	5672	5638	5654	16118	12633	10676	10449	10317	9648	6632	5377	5339	5320	12725	10765	10426	10198	9742	6641	5435	5280	5330	11498	11148	10782	10036	7288	5670	5634	5599	11474	11176	10282	7646	5858	5863	5767	12028	10839	7980	6333	6311	6342	11387	7551	6951	6915	7093	6651	10032	7026	7028	6074	5925	5986	7116	7101	11915
13186	12983	12919	11516	11371	12272	12839	12876	12746	11810	6521	4528	4427	4443	12762	12766	11388	11378	12397	12808	12675	12686	11902	6511	4459	4457	4368	13094	11476	11464	12291	13075	12800	12936	11945	6603	4510	4491	4482	11514	11414	12317	13070	12888	12808	11980	6509	4387	4429	4443	13485	12385	11324	11291	11308	10749	6170	4347	4351	4393	12401	11256	11352	11328	10807	6246	4329	4390	4403	12322	12267	12285	11436	6398	4424	4413	4444	12925	12982	11995	6560	4418	4435	4460	13087	12140	6606	4496	4536	4520	12310	6709	4575	4606	4614	6512	5203	4855	4790	4074	4147	4232	5014	4903	8867
17635	15466	15082	13726	13792	14485	13997	13977	13829	13131	9134	7424	7357	7361	15618	15136	13825	13850	14535	13994	13935	13832	13158	9235	7365	7408	7442	15691	13718	13761	14518	14566	14374	14048	13101	9165	7322	7214	7271	13896	13941	14772	15077	14689	14242	13308	9316	7410	7357	7432	19601	16501	13590	13651	13556	12979	9269	7469	7424	7478	16447	13509	13631	13583	13012	9264	7509	7465	7528	14358	14284	14182	13470	10026	7840	7822	7880	14892	14280	13271	9295	7368	7357	7273	15807	14105	9904	8086	8190	8173	14923	9858	8913	8929	8871	9182	12206	9356	9308	8336	8331	8350	9763	9705	15369
12857	11156	10771	9762	9741	10122	10050	9843	9698	9278	5726	4560	4376	4381	11244	10701	9731	9805	10192	9932	9837	9688	9257	5633	4496	4342	4418	11093	9880	9813	10351	10451	10201	9918	9378	5650	4563	4546	4512	9985	9976	10730	10593	10415	10147	9497	5948	4600	4597	4571	14679	11669	9779	9726	9709	9150	5644	4485	4436	4423	11719	9834	9617	9668	9304	5638	4463	4466	4480	10398	10320	10017	9563	6183	4765	4805	4746	10586	10318	9519	6007	4703	4632	4514	11113	10085	6312	5102	5082	5127	10628	6100	5802	5687	5577	5531	8368	5865	5810	5010	5088	5035	5980	6065	10309
13352	11747	11272	10418	10440	10800	10809	10578	10444	9995	5156	3919	3946	3940	11696	11321	10377	10382	10772	10753	10619	10430	9941	5133	3875	3909	3978	11643	10636	10595	11051	11045	10692	10517	10115	5276	4025	3961	4037	10693	10743	11356	11283	11080	10735	10158	5503	4175	4080	4096	14895	12032	10588	10435	10277	9889	5042	3904	3942	3857	12082	10673	10380	10313	9909	5095	3961	3907	3867	11182	10931	10648	10160	5496	4074	4093	4162	11225	10906	10250	5641	4249	4142	4206	11615	10689	5963	4634	4513	4636	11226	5630	5087	5005	5083	4970	7410	5052	5137	4288	4369	4381	5306	5329	9155
11303	9616	9072	7890	7966	8334	8276	8143	7981	7401	5434	4333	4230	4326	9629	9075	8001	7961	8476	8293	8086	7913	7391	5440	4338	4259	4327	9554	8216	8124	8793	8622	8329	8113	7559	5644	4440	4358	4417	8320	8323	9135	8969	8500	8277	7737	5852	4656	4548	4565	13288	10123	8269	7917	7829	7295	5265	4265	4249	4207	9989	8219	7935	7831	7304	5298	4338	4217	4292	8900	8484	8331	7591	5787	4585	4499	4503	9003	8679	7912	6205	4702	4661	4698	9425	8332	6357	5235	5244	5256	8946	6077	5796	5836	5761	5259	8638	5916	5813	4869	4852	4927	5957	5886	10230
14411	12408	12032	10808	10823	11329	11177	10984	10792	10426	6418	5142	5042	5071	12386	11998	10835	10843	11420	11264	10936	10828	10241	6486	5064	5079	5072	12414	10960	10983	11583	11536	11242	10997	10360	6445	5134	5025	5161	11154	11193	11943	11782	11550	11233	10514	6775	5218	5268	5303	16570	13110	10921	10750	10679	10181	6447	5035	5003	4974	13200	11011	10756	10653	10166	6464	5020	4900	5059	11698	11303	11156	10499	7003	5283	5300	5396	11826	11463	10513	6969	5257	5225	5316	12436	11226	7298	5875	5927	5927	11901	7055	6564	6472	6551	6380	9563	6652	6714	5599	5660	5774	6882	6922	11820
17592	15962	15573	14725	14759	15124	15015	14930	14808	14404	5473	4167	4142	4101	15973	15492	14771	14777	15111	15008	14894	14716	14417	5480	4156	4110	4150	15991	14890	14885	15280	15311	15160	14960	14464	5602	4120	4166	4224	15029	15052	15575	15610	15247	15126	14560	5834	4283	4220	4303	19208	16402	14827	14812	14575	14356	5493	4204	4111	4125	16394	14823	14780	14619	14423	5572	4186	4137	4157	15398	15178	15100	14661	5974	4409	4327	4457	15564	15276	14653	5867	4327	4237	4208	16121	15130	6254	4827	4666	4798	15562	5992	5127	5091	5037	5496	7294	5164	5330	4548	4470	4508	5523	5600	9826
13938	13908	13771	12672	12663	13429	13884	13769	13599	13117	6580	4392	4531	4453	13759	13958	12699	12653	13410	13948	13781	13715	13140	6593	4415	4521	4443	13986	12741	12558	13560	13983	14031	13899	13225	6702	4384	4582	4490	12718	12593	13460	13937	13886	13905	13273	6590	4390	4477	4462	14294	13245	12679	12700	12621	12223	6382	4317	4471	4485	13347	12566	12525	12514	12193	6449	4320	4457	4410	13473	13422	13482	12830	6523	4390	4544	4470	13990	13949	13308	6628	4420	4490	4537	13824	13278	6665	4437	4544	4474	13463	6645	4454	4626	4553	6560	4881	4814	4678	4028	4111	4057	5038	5124	9002
15900	13446	13096	12038	11977	12511	12466	12204	12031	11541	5756	4531	4459	4422	13520	13041	11974	11926	12389	12403	12194	12049	11591	5814	4597	4469	4477	13525	12181	12240	12828	12786	12439	12143	11672	6034	4648	4632	4605	12387	12447	13085	13044	12693	12449	11801	6262	4698	4667	4643	17789	13984	12344	12108	11858	11546	5728	4495	4409	4436	14068	12358	12005	11925	11384	5687	4535	4348	4415	12972	12609	12321	11757	6188	4765	4739	4685	13028	12707	12016	6708	4871	4769	4884	13482	12457	6789	5337	5246	5243	12915	6396	5819	5832	5911	5689	8674	5893	5842	4847	4943	4793	5986	6087	10545
17193	14845	14407	12995	12983	13701	13629	13339	13070	12447	8455	6755	6717	6791	14742	14272	12960	13033	13674	13519	13280	13077	12401	8403	6661	6637	6711	14899	13288	13262	13958	13883	13543	13272	12544	8700	6812	6733	6787	13559	13583	14346	14479	13819	13489	12745	9070	7064	7010	6936	19247	15511	13530	13232	12919	12304	8352	6529	6618	6642	15543	13515	13234	12938	12412	8389	6637	6626	6735	14200	13858	13483	12727	9043	6968	6911	6950	14198	13790	12911	9380	7059	7112	7167	14874	13608	9669	7813	7732	7775	14203	9176	8403	8369	8447	8154	11622	8390	8513	7271	7296	7264	8680	8624	13946
12592	12395	12385	10984	10928	11876	12355	12283	12095	11346	5656	3852	3775	3768	12432	12415	10887	10964	11832	12315	12279	12279	11331	5656	3836	3802	3854	12667	10845	10863	11796	12419	12589	12405	11450	5658	3809	3822	3793	10800	10938	11772	12596	12567	12470	11457	5670	3855	3837	3861	12894	11786	10854	10821	10794	10184	5516	3753	3714	3772	11880	10846	10812	10702	10293	5429	3800	3766	3739	11796	11839	11743	10851	5594	3816	3771	3793	12543	12457	11543	5803	3793	3845	3830	12507	11536	5740	3855	3815	3797	11845	5698	3888	3922	3936	5643	4424	4087	4203	3498	3420	3510	4265	4381	7994
14676	12633	12149	10975	10920	11567	11256	11182	11030	10470	6075	4878	4829	4859	12621	12090	11030	11004	11509	11279	11150	10963	10375	6031	4813	4762	4771	12628	11036	11075	11860	11619	11469	11164	10513	6142	4782	4714	4765	11319	11282	12067	12100	11858	11356	10621	6258	4868	4874	4900	16753	13418	10977	10936	10844	10410	6148	4915	4853	4807	13434	10982	10928	10878	10417	6180	4973	4832	4869	11669	11501	11414	10686	6604	5077	5096	5170	11970	11540	10760	6433	4903	4970	4932	12727	11328	6909	5588	5513	5538	12049	6667	6168	6066	6192	5986	9421	6436	6342	5506	5485	5430	6578	6673	11638
15405	13478	13174	12333	12379	12807	12214	12403	12485	12010	5531	4325	4308	4292	13568	13157	12375	12316	12770	12214	12476	12576	12077	5521	4261	4304	4305	13831	12125	12168	12683	12889	12859	12550	11819	5352	4130	4078	4246	12230	12199	12713	13104	13087	12674	11954	5494	4212	4206	4293	17147	14409	11838	12086	12096	12030	5803	4530	4499	4588	14444	11924	12078	12132	12049	5927	4611	4561	4595	12349	12447	12666	12293	6241	4629	4709	4718	12989	12508	11769	5281	4133	4024	4070	13628	12431	5762	4611	4575	4582	13205	5950	5078	5101	5108	5671	7282	5485	5556	5217	5183	5231	6269	6317	10850
14979	12990	12338	11405	11479	11960	11617	11619	11655	11083	5185	4122	4076	4182	13026	12343	11441	11460	12011	11579	11597	11596	11112	5259	4129	4049	4113	12939	11419	11420	11983	12075	11887	11688	11008	5127	4137	4033	4071	11644	11570	12248	12309	12215	11880	11101	5322	4147	4038	4206	16888	13658	11280	11253	11356	11047	5440	4306	4227	4304	13618	11194	11328	11333	10941	5386	4251	4193	4234	11797	11922	11756	11393	5757	4551	4481	4452	12386	11810	11042	5287	4148	4066	4037	12992	11568	5737	4569	4558	4575	12421	5740	5278	5180	5280	5195	7903	5367	5489	4729	4682	4829	5758	5832	10491
15174	13155	12433	10980	11025	11653	11483	11257	10974	10230	8858	7310	7171	7210	13072	12439	10930	11024	11721	11561	11239	10869	10261	8789	7225	7221	7160	13218	11358	11306	12142	11945	11581	11343	10488	9076	7404	7414	7433	11545	11528	12426	12266	11901	11403	10587	9280	7504	7447	7442	17532	13815	11350	11078	10876	10089	8673	7115	7057	7128	13800	11335	10986	10784	10067	8618	7134	7125	7103	12256	11663	11373	10535	9317	7563	7432	7471	12247	11775	10697	9662	7687	7554	7725	12963	11516	10066	8423	8368	8352	12351	9647	9274	9264	9252	8575	12885	9344	9465	7869	7965	7953	9579	9547	14874
18931	17039	16605	15495	15512	16098	15883	15698	15531	15003	8906	6916	6911	6952	17034	16657	15505	15507	16164	16031	15575	15574	15044	8833	6964	6914	7047	17063	15602	15640	16312	16206	15949	15696	15091	9110	6977	6981	7012	15768	15790	16576	16615	16249	16022	15328	9319	7267	7165	7179	20622	17603	15786	15560	15388	14883	8777	6834	6791	6888	17595	15762	15499	15353	14910	8814	6821	6916	6888	16354	16198	16004	15357	9489	7269	7217	7275	16531	16149	15401	9475	7202	7188	7270	17153	16045	9765	7788	7745	7869	16663	9426	8420	8347	8412	8735	11000	8440	8480	7279	7347	7318	8819	8640	14013
11946	10117	9638	8700	8639	9195	8886	8876	8684	8259	5345	4371	4413	4395	10058	9635	8667	8707	9260	8885	8932	8722	8165	5389	4383	4432	4387	10230	8682	8642	9143	9280	9077	8895	8227	5451	4267	4468	4365	8780	8783	9473	9725	9333	8993	8388	5492	4396	4410	4410	13828	10799	8501	8425	8511	8108	5604	4431	4389	4407	10748	8546	8516	8543	8212	5570	4460	4375	4394	9156	9049	9015	8517	6127	4758	4636	4623	9501	9025	8386	5614	4320	4379	4274	10204	8986	5942	5095	4939	4876	9647	5860	5481	5536	5557	5438	8280	5858	5831	5122	5098	5145	6202	6204	10642
11850	11903	11854	10831	10936	11571	11742	11950	11750	11329	5179	3364	3444	3479	11934	11920	10868	11040	11479	11789	11859	11847	11461	5108	3404	3380	3401	11924	11001	10900	11502	11869	11960	11982	11332	5055	3389	3421	3395	10960	10967	11532	11940	11918	11862	11322	5101	3388	3396	3404	12065	11386	10807	10880	10926	10607	4899	3416	3362	3449	11446	10896	10888	10970	10698	4983	3379	3393	3415	11555	11552	11534	10959	5027	3440	3390	3454	11888	11927	11436	5049	3450	3416	3464	11920	11562	5104	3424	3411	3510	11503	5216	3468	3434	3521	5074	3699	3555	3686	3195	3064	3166	3897	3903	7103
18496	16806	16384	15300	15456	15887	15743	15616	15352	14921	7274	5469	5586	5551	16819	16433	15406	15416	15932	15698	15642	15431	14950	7219	5458	5512	5585	16910	15567	15498	16106	16111	15817	15488	14996	7325	5583	5523	5588	15662	15666	16377	16282	16017	15711	15080	7544	5618	5609	5644	20152	17328	15398	15412	15262	14833	7179	5472	5451	5492	17313	15481	15331	15222	14902	7221	5468	5484	5559	16067	15910	15710	15120	7666	5675	5785	5833	16289	15898	15187	7581	5647	5742	5714	16809	15830	7924	6171	6136	6182	16254	7688	6703	6741	6745	7158	9210	6917	6918	5846	6006	6036	7153	7172	12186
13857	13673	13552	12284	12270	13113	13581	13446	13370	12817	6267	4430	4368	4356	13584	13674	12119	12123	13058	13526	13495	13349	12739	6331	4447	4424	4432	13740	12223	12085	12941	13678	13659	13565	12823	6274	4414	4331	4339	12203	12335	13057	13640	13723	13684	12799	6268	4379	4316	4379	14040	13080	11962	12095	12153	11737	6097	4457	4461	4441	12976	12151	12137	12188	11620	6159	4514	4373	4304	12913	12925	12948	12365	6279	4545	4447	4475	13647	13558	12781	6233	4418	4372	4321	13664	12836	6267	4431	4358	4428	12974	6299	4576	4494	4454	6344	5021	4750	4811	4319	4329	4324	5207	5250	9263
13462	13309	13232	11663	11669	12706	13194	13256	13082	12308	6157	4281	4207	4223	13239	13088	11716	11742	12721	13109	13113	13060	12273	6314	4307	4205	4255	13477	11785	11798	12852	13293	13371	13298	12372	6242	4224	4261	4347	11622	11665	12629	13327	13311	13260	12468	6290	4298	4303	4198	13707	12638	11756	11660	11696	11048	6101	4178	4265	4262	12591	11801	11642	11678	11157	6108	4245	4135	4238	12722	12665	12625	11964	6212	4263	4216	4239	13183	13300	12327	6381	4373	4306	4255	13339	12404	6349	4353	4280	4293	12716	6379	4377	4401	4411	6379	4930	4529	4585	3953	3941	3966	4715	4680	8610
18738	17146	16779	16058	16070	16489	16082	16264	16166	15756	7642	5626	5741	5782	17214	16787	16065	16067	16545	16028	16248	16203	15710	7503	5661	5773	5776	17484	15934	15950	16436	16685	16662	16358	15696	7503	5584	5688	5591	16067	16005	16564	16909	16791	16418	15685	7566	5573	5730	5706	20232	17939	15702	15848	15932	15719	7877	5817	5975	5922	17968	15701	15897	15879	15740	7909	5853	5922	5942	16125	16233	16300	16014	8173	6024	6187	6139	16731	16328	15525	7418	5495	5586	5539	17310	16185	7836	5927	6066	5995	16886	7956	6501	6621	6573	7667	8560	7007	6956	6340	6366	6438	7706	7610	12497
13610	11837	11483	10526	10518	11022	10971	10653	10532	10139	5135	3951	4052	3950	11801	11494	10484	10475	10961	10903	10701	10537	10157	5184	3995	4075	3961	11928	10724	10730	11201	11261	10984	10761	10240	5256	3982	4131	4089	10921	10879	11480	11477	11188	10865	10295	5487	4099	4197	4131	15187	12313	10754	10647	10498	10129	5150	3924	4036	4007	12327	10753	10642	10458	10098	5167	3959	3974	3987	11331	10999	10948	10319	5546	4154	4306	4156	11372	11115	10494	5744	4264	4308	4277	11890	10856	5980	4697	4688	4704	11401	5775	5143	5186	5049	5099	7489	5213	5199	4353	4465	4357	5298	5371	9340
17616	15576	15107	14072	14060	14625	14390	14312	14107	13577	6122	4721	4772	4805	15462	15148	13947	14034	14431	14389	14163	14030	13495	6048	4672	4702	4785	15605	14261	14178	14766	14820	14450	14331	13579	6357	4808	4805	4813	14374	14393	15092	15165	14700	14450	13736	6541	4937	4901	4958	19557	16236	14339	14072	13992	13459	6093	4743	4679	4765	16137	14199	14038	13961	13460	6199	4685	4714	4747	14877	14628	14387	13753	6636	4990	4971	5025	15045	14577	13909	6684	5015	4961	5121	15692	14358	7076	5550	5522	5520	15028	6788	6090	6083	6043	6054	8962	6193	6053	5183	5179	5223	6441	6376	11318
15660	13417	12959	11824	11804	12371	12245	11950	11630	11074	7734	6084	6133	6101	13477	13006	11725	11769	12276	12209	12034	11723	11149	7619	6164	6116	6044	13537	11954	12052	12719	12555	12294	11989	11214	7887	6274	6260	6184	12222	12228	12932	12823	12376	12288	11438	8087	6324	6380	6362	17389	14158	12140	11862	11551	11113	7606	6190	6072	6026	14080	12015	11890	11555	11110	7604	6198	6142	6075	12761	12419	12086	11423	8159	6425	6449	6436	12827	12528	11568	8463	6492	6598	6535	13326	12182	8657	7047	7078	6980	12796	8283	7745	7779	7735	7471	10891	7804	7749	6647	6575	6644	7935	7880	12937
13239	13136	13007	11887	11920	12647	12995	12970	12768	12304	6313	4215	4247	4231	13075	13131	11778	11760	12651	12856	13036	12870	12177	6256	4213	4187	4224	13127	12007	11817	12720	13248	13213	13049	12488	6291	4219	4213	4248	11851	11960	12652	13202	13341	13188	12480	6297	4201	4256	4284	13488	12702	11874	11788	11837	11335	6022	4194	4128	4146	12656	11828	12004	11756	11306	6057	4129	4135	4202	12627	12657	12518	12097	6177	4216	4213	4214	13243	13173	12322	6257	4225	4247	4270	13181	12476	6225	4234	4254	4238	12566	6269	4280	4292	4316	6260	4726	4488	4491	3875	3991	3805	4856	4711	8550
12271	11704	11621	9546	9561	10575	11080	11179	10841	9796	6760	4992	4906	4851	11777	11545	9689	9529	10747	11170	11144	10901	9846	6676	4928	4903	4894	11909	9682	9683	10879	11759	11709	11477	10121	6663	4901	4863	4887	9737	9613	10867	11887	11818	11534	9938	6789	4921	4949	4942	13173	11247	9401	9497	9503	8818	6443	4752	4780	4851	11230	9446	9479	9541	8802	6483	4838	4876	4768	10642	10553	10589	9564	6825	4992	4862	4947	11854	11548	9989	6663	4892	4858	4986	11861	10234	6980	5056	5081	4992	10818	7061	5216	5361	5298	6780	6744	5881	5753	4953	4909	4946	5973	5977	10305
17281	15191	14771	13561	13594	14035	14092	13730	13500	12841	8112	6393	6446	6402	15246	14661	13517	13557	14112	14042	13681	13474	12850	8195	6346	6447	6432	15149	13686	13828	14335	14372	14030	13667	13125	8402	6607	6627	6531	13934	14002	14704	14717	14292	13942	13211	8700	6760	6771	6743	19033	15752	13851	13611	13396	12829	8093	6347	6432	6413	15682	13907	13673	13367	12861	8154	6328	6479	6431	14594	14199	13856	13136	8711	6608	6753	6730	14712	14354	13408	9152	6841	6999	6920	15238	13906	9402	7418	7453	7412	14647	8885	7998	8140	8142	8023	11072	8171	8184	7016	7059	7024	8333	8298	13570
13271	13233	13092	11833	11937	12809	13133	13010	12986	12483	6100	4261	4179	4182	13107	13144	11907	11894	12632	13048	13012	12949	12253	6116	4207	4108	4191	13186	11902	11808	12541	13160	13140	13117	12578	6242	4283	4124	4215	11785	11970	12766	13294	13370	13182	12423	6209	4239	4204	4199	13485	12514	11826	11911	11738	11468	5978	4273	4218	4101	12579	11862	11908	11780	11471	5957	4120	4060	4153	12622	12699	12498	11999	6088	4137	4125	4056	13284	13205	12425	6189	4176	4231	4158	13224	12560	6234	4342	4271	4205	12641	6275	4323	4232	4228	6140	4701	4497	4494	3896	3796	3864	4624	4700	8536
10503	10004	10001	8584	8529	9257	9825	9796	9749	8884	5368	3608	3780	3724	10097	9974	8456	8562	9291	9812	9769	9712	8898	5355	3681	3766	3696	10276	8584	8513	9462	10294	10051	9934	8948	5413	3631	3823	3827	8555	8570	9425	10224	10122	10033	9037	5415	3695	3817	3699	10819	9528	8502	8482	8490	7880	5053	3568	3684	3604	9450	8444	8441	8319	7882	5047	3507	3698	3571	9444	9401	9323	8561	5258	3640	3713	3746	10245	10118	9046	5453	3666	3780	3785	10186	9129	5580	3730	3838	3769	9538	5542	3771	3994	3928	5300	4698	4252	4165	3520	3429	3443	4179	4195	7562
15000	13154	12993	12119	12079	12477	12405	12215	12064	11615	5099	3928	3958	3892	13173	13024	12079	12010	12454	12362	12199	12040	11652	5166	3933	3935	3809	13331	12167	12184	12651	12655	12458	12296	11776	5274	3957	3993	3943	12446	12380	13009	12873	12689	12380	11907	5522	4155	4020	4045	16629	13638	12236	12080	11911	11634	5074	3902	3942	3827	13678	12299	12086	11887	11560	5040	3937	3999	3873	12798	12602	12242	11843	5563	4166	4118	4068	12848	12479	11976	5654	4177	4160	4179	13259	12381	5894	4519	4576	4535	12830	5630	5001	5041	4967	5034	7247	5035	4995	4247	4236	4234	5148	5274	9181
14541	12448	12014	10781	10795	11280	11198	10980	10761	9997	6945	5567	5490	5570	12481	12158	10714	10761	11241	11075	10882	10765	10182	6962	5540	5520	5513	12651	10850	10900	11587	11470	11239	11075	10357	7086	5620	5548	5673	11114	11224	11874	11914	11519	11310	10421	7297	5773	5789	5760	16933	13288	10899	10773	10657	10048	6926	5594	5548	5504	13264	10905	10804	10786	10136	6952	5524	5511	5548	11497	11367	11252	10434	7520	5930	5857	5897	11809	11501	10510	7427	5771	5796	5786	12608	11166	7961	6355	6276	6362	11887	7734	7135	7105	7102	6870	10403	7280	7297	6279	6186	6193	7739	7599	12656
16878	14645	14259	12780	12736	13396	13235	12995	12637	12027	9512	7681	7781	7752	14788	14188	12725	12780	13388	13330	12984	12625	12051	9482	7609	7633	7720	14769	13072	13014	13812	13658	13332	12993	12211	9840	7862	7788	7851	13327	13293	14197	14200	13737	13298	12487	10183	8028	7971	8028	19085	15491	13200	12853	12598	11923	9319	7566	7603	7641	15374	13086	12751	12477	11886	9271	7530	7588	7602	14042	13546	13135	12304	10192	7980	7961	7983	14019	13542	12566	10532	8117	8147	8164	14813	13341	10915	8749	8980	8843	13991	10414	9643	9593	9571	9275	13055	9792	9741	8209	8306	8288	9878	9945	15234
16055	13737	13149	11680	11722	12283	12283	11842	11666	10818	9169	7494	7480	7506	13683	13173	11631	11635	12267	12235	11733	11477	10917	9031	7380	7335	7405	13824	11864	11952	12680	12647	12144	11867	11041	9516	7637	7520	7618	12136	12055	13044	13016	12411	12180	11192	9736	7855	7699	7809	18111	14358	11985	11744	11400	10791	9077	7398	7265	7359	14337	12030	11767	11369	10764	9082	7373	7273	7356	12899	12396	12037	11183	9695	7709	7785	7764	12929	12488	11404	10141	8092	7941	8018	13573	12120	10496	8779	8520	8630	12871	10089	9473	9442	9486	8850	13209	9576	9475	8165	8181	8166	9751	9690	15083
13574	11691	11271	10252	10239	10767	10452	10430	10204	9804	5374	4258	4211	4211	11695	11218	10250	10218	10800	10433	10444	10244	9782	5395	4148	4256	4168	11826	10164	10130	10710	11018	10732	10520	9808	5418	4222	4118	4160	10357	10373	10983	11264	10969	10655	9893	5429	4251	4133	4226	15589	12514	10002	10111	10063	9710	5555	4413	4433	4276	12552	10040	10101	10105	9797	5464	4380	4369	4253	10574	10564	10601	10051	5995	4597	4503	4660	10995	10551	9803	5446	4222	4229	4234	11708	10549	5822	4769	4720	4713	11134	5793	5382	5359	5281	5339	7937	5670	5663	4965	4943	4929	6029	6109	10837
13760	13525	13250	11829	11922	12863	13362	13359	13275	12389	6238	4403	4376	4345	13451	13396	11840	11868	12868	13216	13372	13261	12327	6271	4393	4325	4352	13591	11819	11854	12767	13508	13627	13479	12461	6341	4409	4385	4354	11810	11844	12808	13615	13743	13434	12387	6268	4301	4322	4370	14009	12959	11758	11681	11718	11326	6305	4434	4410	4433	12897	11706	11808	11817	11466	6133	4348	4482	4335	12765	12735	12696	12025	6327	4426	4468	4437	13596	13303	12482	6168	4390	4371	4315	13540	12594	6362	4449	4376	4477	12934	6370	4540	4516	4506	6384	5025	4843	4777	4318	4378	4309	5335	5372	9369
15292	13253	12812	11750	11772	12274	12124	11999	11680	11185	6612	5232	5224	5256	13242	12778	11764	11728	12282	12084	11837	11674	11201	6525	5073	5298	5274	13356	11968	11927	12497	12525	12191	12017	11313	6823	5299	5364	5369	12143	12174	12824	12723	12477	12041	11376	7021	5276	5364	5404	17082	13862	11960	11868	11585	11047	6541	5180	5191	5175	13802	11854	11797	11605	11086	6600	5216	5246	5175	12595	12305	12056	11371	7132	5480	5536	5495	12726	12253	11461	7147	5410	5411	5531	13272	12086	7585	6032	5939	5975	12812	7226	6610	6524	6687	6512	9436	6676	6776	5630	5729	5707	6864	6985	11644
15455	13220	12832	11825	11847	12349	12192	12017	11879	11370	5431	4129	4094	4079	13256	12905	11906	11814	12306	12245	11970	11846	11309	5359	4073	4062	4028	13375	12023	12050	12619	12589	12209	12076	11519	5509	4271	4204	4246	12214	12280	12945	12872	12330	12252	11659	5799	4327	4296	4297	17165	13736	12104	12018	11790	11267	5311	4056	4023	4097	13739	12167	11922	11805	11263	5312	4110	4120	4144	12604	12336	12117	11537	5781	4342	4310	4274	12738	12416	11850	6189	4428	4419	4335	13191	12142	6212	4885	4793	4816	12784	5952	5308	5379	5317	5327	7929	5435	5430	4622	4538	4523	5501	5543	10022
15400	15472	15304	14118	14054	14950	15355	15167	15177	14606	7631	5306	5364	5390	15343	15304	13988	14034	14787	15221	15368	15121	14545	7672	5299	5304	5367	15496	14069	14115	14843	15413	15472	15459	14680	7750	5322	5368	5350	14056	14066	14855	15528	15402	15404	14590	7663	5350	5320	5387	15702	14665	13863	14003	13881	13486	7523	5168	5290	5308	14859	14010	13997	13946	13453	7467	5209	5330	5270	14837	14746	14720	14158	7626	5207	5264	5347	15468	15260	14617	7718	5301	5261	5358	15375	14658	7610	5285	5308	5349	14846	7731	5421	5492	5468	7691	5938	5664	5785	4884	4826	4876	5964	5930	10362
14022	14055	13956	13286	13230	13757	13896	13963	13833	13615	6088	4233	4085	4173	14028	13959	13126	13191	13696	13906	13925	14002	13536	6011	4274	4140	4180	13929	13176	13169	13603	13987	13952	14047	13490	6110	4182	4094	4108	13159	13080	13586	14056	13816	14036	13678	6049	4209	4155	4173	14069	13521	13184	13084	13115	12952	6043	4149	4133	4110	13624	13038	13147	13119	12872	5915	4160	4190	4099	13664	13664	13629	13388	6102	4193	4087	4148	13966	14022	13630	5923	4259	4062	4162	14041	13698	6006	4235	4172	4173	13658	6017	4213	4194	4107	6088	4442	4390	4304	3831	3874	3890	4684	4578	8225
13816	11390	10871	9754	9744	10195	10174	9855	9692	9157	6133	4776	4832	4839	11440	10870	9717	9716	10248	10238	9891	9800	9113	6004	4810	4885	4873	11440	9927	9951	10552	10656	10283	9991	9339	6422	4962	4970	4987	10235	10274	10828	10829	10523	10120	9402	6583	5115	5147	5210	15789	11826	10033	9774	9624	9113	5948	4701	4689	4840	11972	9920	9865	9629	9062	6048	4708	4817	4893	10812	10337	10072	9468	6509	5014	5233	5195	10792	10471	9663	6921	5133	5290	5276	11531	10213	7128	5789	5751	5770	10773	6840	6209	6393	6347	5876	9410	6343	6523	5374	5327	5288	6566	6487	11181
12173	10162	9762	8637	8670	9181	9051	8786	8508	8114	5110	4070	4076	4099	10085	9621	8640	8692	9078	9081	8886	8573	8101	5176	4064	4124	4165	10048	8830	8830	9363	9291	9003	8801	8278	5373	4194	4147	4136	9133	8998	9680	9707	9262	9013	8528	5595	4356	4347	4388	13839	10554	8902	8738	8535	8164	5165	4045	4049	4101	10617	8980	8754	8553	8189	5187	4020	4090	4116	9431	9179	8959	8423	5605	4276	4295	4297	9491	9205	8493	5969	4402	4373	4397	10106	9041	6148	4875	4908	4883	9650	5764	5514	5403	5419	5036	7972	5461	5416	4426	4503	4535	5565	5430	9695
14623	13073	12735	11991	12079	12338	12345	12201	12026	11723	4495	3411	3349	3449	12983	12715	11995	12050	12319	12371	12154	12055	11650	4480	3405	3250	3307	13011	12160	12126	12557	12617	12338	12165	11778	4736	3399	3309	3397	12274	12237	12736	12842	12490	12277	11844	4799	3475	3479	3490	15877	13259	12197	12102	12002	11643	4382	3290	3293	3347	13351	12249	12126	11967	11647	4435	3310	3266	3355	12558	12301	12272	11842	4764	3483	3352	3461	12776	12462	11967	4931	3567	3557	3576	13102	12301	5053	3953	3867	3942	12679	4914	4206	4159	4229	4381	6111	4321	4402	3632	3608	3594	4410	4548	7960
14896	14734	14773	13269	13346	14052	14735	14645	14519	13775	7388	5192	5295	5162	14641	14675	13194	13279	14000	14554	14547	14433	13676	7359	5207	5292	5258	14905	13233	13326	14061	14980	14893	14731	13806	7297	5173	5220	5192	13188	13262	14193	14902	14882	14840	13917	7217	5256	5247	5210	15278	14053	13144	13240	13048	12585	7284	5177	5224	5301	14309	13239	13116	13203	12617	7186	5243	5243	5236	14122	14135	14056	13377	7330	5302	5272	5238	14759	14880	13827	7217	5119	5222	5200	14703	13857	7395	5222	5267	5271	14128	7341	5322	5385	5368	7335	5969	5670	5661	5134	5114	5197	6201	6299	10491
14253	12257	11738	10545	10641	10997	10925	10721	10485	10106	6317	4902	5006	4874	12215	11747	10544	10515	11033	10986	10674	10627	10039	6323	4940	4986	4900	12174	10718	10703	11360	11298	10923	10702	10127	6460	4967	5004	4988	10920	10954	11618	11660	11199	10916	10259	6716	5154	5079	5125	16237	12713	10725	10577	10448	9917	6334	5012	4972	4913	12731	10824	10588	10443	9980	6320	5000	4938	4856	11519	11148	10894	10291	6943	5246	5200	5146	11501	11326	10498	6880	5357	5342	5271	12141	10964	7271	5856	5800	5760	11660	6879	6403	6504	6427	6166	9520	6659	6539	5554	5456	5425	6712	6739	11556
15162	14907	15007	13717	13786	14522	14869	15060	14920	14281	6431	4587	4592	4548	15058	15033	13867	13779	14585	15016	14918	15069	14469	6408	4555	4643	4596	15093	13803	13701	14439	15095	15220	15181	14435	6333	4550	4590	4495	13577	13629	14516	15159	15145	15106	14310	6396	4525	4582	4501	15259	14415	13676	13620	13656	13284	6442	4591	4560	4556	14445	13717	13649	13621	13233	6454	4597	4595	4581	14474	14536	14545	13925	6554	4606	4610	4594	15190	15249	14531	6326	4482	4600	4559	15251	14495	6385	4553	4535	4508	14532	6482	4667	4676	4681	6504	4977	4919	4860	4652	4570	4435	5602	5661	9955
17159	15180	14680	13664	13695	14132	14168	13873	13676	13229	5901	4600	4619	4578	15128	14601	13657	13759	14146	14133	13846	13618	13279	5849	4556	4655	4555	15067	13929	13933	14475	14414	14099	13872	13386	6004	4705	4686	4639	14143	14113	14734	14697	14294	14015	13477	6329	4761	4861	4676	19036	15642	13979	13739	13539	13198	5845	4583	4632	4600	15607	14039	13813	13624	13244	5926	4610	4608	4592	14533	14178	14036	13393	6382	4750	4736	4754	14563	14302	13571	6577	4955	4905	4911	15111	14037	6804	5311	5461	5396	14609	6542	5776	5910	5793	5871	8414	5803	5852	4972	4963	4880	5938	5944	10591
15937	13675	13379	12418	12379	12780	12797	12499	12445	11844	5355	3947	3935	3824	13715	13366	12331	12310	12770	12770	12614	12375	11873	5187	3980	3918	3904	13842	12515	12601	13024	13003	12731	12401	11991	5409	4116	4023	3969	12643	12698	13301	13308	12959	12745	12058	5603	4053	4117	4036	17858	14178	12609	12358	12256	11855	5178	3923	3822	3844	14282	12577	12463	12272	11859	5106	3957	3875	3883	13145	12868	12614	12139	5529	4233	4177	4128	13332	12929	12156	5768	4190	4216	4148	13793	12776	6086	4658	4728	4638	13196	5755	5191	5156	5016	5007	7747	5305	5137	4298	4393	4267	5457	5320	9741
10831	10548	10417	8700	8564	9607	10208	10103	9945	8895	5909	4050	4127	4090	10647	10244	8651	8564	9636	10161	10050	9891	8783	5841	4125	4109	4063	10787	8739	8746	9884	10591	10284	10334	8973	5968	4087	4067	4129	8841	8744	9750	10723	10675	10205	9192	6053	4119	4197	4108	11687	9964	8768	8568	8422	7861	5536	3940	3970	3932	9960	8576	8750	8555	7881	5642	3990	4003	3992	9699	9714	9364	8595	5883	4039	4014	4113	10760	10359	9209	6154	4132	4215	4160	10589	9326	6148	4227	4235	4158	9680	6195	4361	4402	4413	5837	5499	4830	4875	4031	3871	3872	4759	4781	8483
16573	14402	14080	13098	13160	13640	13510	13396	13106	12704	5991	4655	4485	4526	14476	14164	13204	13121	13485	13563	13321	13076	12628	5921	4615	4574	4614	14619	13366	13311	13793	13795	13654	13274	12808	6263	4649	4699	4699	13616	13578	14240	14170	13895	13476	12915	6331	4749	4821	4748	18510	15188	13512	13233	13094	12617	5887	4532	4501	4522	15091	13513	13217	13085	12633	5939	4485	4581	4583	13846	13647	13457	12857	6386	4773	4903	4884	14199	13689	13134	6695	4910	4915	4925	14537	13460	6965	5318	5412	5310	14090	6580	5814	5887	5892	5841	8384	5950	5909	5023	5032	5102	6131	6213	10876
12597	12478	12404	11078	11041	11994	12235	12415	12289	11504	5584	3657	3665	3700	12391	12385	11077	11031	11941	12311	12338	12274	11494	5487	3721	3700	3719	12556	11142	11005	12045	12511	12512	12545	11658	5608	3701	3683	3637	11040	11152	11907	12551	12455	12348	11698	5580	3642	3684	3692	12799	11867	10916	11058	11111	10502	5382	3578	3633	3649	11910	11127	11193	11024	10601	5333	3554	3560	3638	11890	11951	11997	11242	5560	3652	3715	3643	12535	12535	11741	5548	3697	3637	3658	12623	11696	5560	3758	3695	3759	11888	5669	3816	3785	3762	5496	4102	4008	3984	3356	3422	3432	4135	4188	7701
17655	15684	15148	13922	13863	14447	14307	14139	13860	13238	8763	7044	6879	6860	15625	15014	13801	13816	14495	14333	14015	13791	13167	8682	6988	6899	6906	15663	14104	14136	14804	14731	14432	14118	13339	8972	7189	7039	6949	14314	14251	15056	15028	14745	14264	13502	9121	7190	7092	7072	19515	16323	14030	13818	13703	13184	8763	7029	6874	6856	16267	14107	13922	13707	13274	8755	7049	6885	6938	14680	14511	14208	13589	9355	7389	7206	7181	14961	14464	13632	9380	7285	7073	7105	15604	14308	9846	7960	7937	7786	15026	9575	8630	8578	8559	8749	11792	8764	8739	7636	7592	7529	9128	9084	14505
13684	13390	13292	11512	11518	12619	13204	13224	13129	12000	6131	4458	4404	4311	13254	13308	11581	11649	12647	13214	13229	13019	12120	6145	4341	4358	4342	13544	11386	11463	12480	13574	13488	13185	12102	6172	4367	4357	4352	11554	11611	12577	13543	13531	13236	12229	6132	4471	4347	4309	14027	12597	11432	11352	11390	10993	6149	4404	4382	4373	12797	11418	11411	11449	11029	6119	4402	4436	4457	12590	12386	12439	11702	6259	4487	4410	4471	13580	13298	12123	6142	4384	4280	4308	13393	12344	6131	4367	4411	4324	12526	6369	4521	4445	4481	6344	5184	4853	4807	4341	4373	4326	5341	5394	9617
15708	13953	13545	12558	12557	12999	12827	12698	12541	12186	6651	5068	5042	5153	13912	13509	12539	12519	13037	12861	12676	12585	12147	6643	4972	5059	5077	13980	12701	12703	13292	13193	13016	12677	12253	6787	5101	5062	5141	12865	12873	13588	13441	13217	12939	12316	6979	5139	5171	5205	17364	14435	12698	12563	12488	12043	6559	5008	4943	5154	14453	12678	12520	12467	12005	6624	5020	4931	5146	13146	13082	12870	12370	7019	5284	5183	5306	13432	13012	12414	7034	5192	5186	5296	13954	12928	7354	5841	5739	5771	13469	7174	6283	6215	6354	6581	8843	6351	6461	5397	5442	5523	6683	6790	11152
13065	10882	10302	8795	8806	9442	9492	9008	8730	8066	7599	6394	6316	6300	10867	10259	8752	8757	9515	9329	9026	8722	8031	7595	6327	6308	6229	10845	9119	9052	9826	9737	9216	9017	8195	7883	6414	6450	6509	9379	9314	10213	10038	9727	9215	8339	8259	6558	6631	6726	15509	11586	9213	8885	8673	8009	7377	6224	6196	6173	11656	9205	8796	8568	7983	7486	6203	6223	6211	10040	9565	9202	8387	8240	6600	6553	6525	10036	9635	8626	8667	6823	6893	6818	10907	9391	9023	7512	7629	7625	10209	8483	8273	8343	8454	7534	11958	8387	8399	7146	7247	7207	8442	8382	13539
14435	14465	14284	13363	13269	13873	14280	14216	14301	13680	6774	4659	4650	4645	14413	14348	13209	13121	13965	14395	14319	14130	13653	6835	4596	4603	4633	14413	13203	13141	13977	14389	14527	14380	13672	6942	4609	4605	4726	13149	13156	14010	14466	14414	14381	13777	6911	4608	4654	4708	14688	13936	13143	13102	12982	12802	6798	4565	4634	4635	13792	13194	13177	13026	12669	6700	4661	4609	4536	13899	13946	13868	13372	6774	4658	4560	4658	14412	14404	13753	6867	4626	4648	4630	14391	13780	6987	4613	4661	4784	13944	7075	4722	4712	4827	6993	5106	4888	4931	4262	4305	4358	5392	5253	9357
12562	12223	12353	11045	11184	11865	12252	12188	12126	11537	5591	3744	3717	3704	12317	12366	11161	11152	11868	12154	12284	12060	11624	5591	3811	3775	3756	12444	11161	10980	11870	12325	12380	12253	11604	5654	3634	3723	3717	11146	11104	11932	12429	12574	12305	11677	5555	3724	3754	3673	12590	11935	11056	11113	11029	10733	5417	3703	3742	3662	11904	10910	11059	10813	10679	5449	3704	3731	3703	11957	11695	11850	11331	5589	3712	3641	3662	12437	12256	11665	5580	3760	3668	3881	12260	11849	5637	3806	3739	3758	11720	5666	3906	3793	3825	5612	4142	4005	4025	3486	3386	3459	4127	4160	7650
12238	11927	12086	10359	10500	11262	11866	11720	11629	10942	5593	3923	3931	3883	11893	11876	10263	10445	11261	11787	11798	11667	10922	5590	3849	3873	3808	11965	10304	10497	11401	12047	12101	11911	11078	5712	3857	3867	3957	10359	10224	11217	12148	12131	11916	11093	5590	3824	3782	3840	12631	11472	10335	10360	10211	9717	5405	3836	3830	3815	11496	10525	10467	10297	9782	5300	3849	3858	3776	11326	11259	11297	10498	5625	3947	3812	3927	12102	12031	11120	5698	3817	3872	3819	11994	11038	5692	3902	3862	3876	11398	5734	3899	3984	4030	5626	4570	4205	4219	3611	3698	3747	4497	4557	8203
15341	13123	12790	11583	11654	12193	11963	11752	11659	11108	6407	4950	4948	5002	13371	12743	11613	11519	12075	11977	11796	11643	11067	6479	5050	5037	5063	13313	11732	11752	12370	12393	12066	11916	11135	6473	5043	5044	5068	11808	11871	12643	12747	12388	12003	11272	6751	5205	5181	5200	17473	13877	11823	11637	11484	10997	6460	4931	5031	5075	13944	11593	11625	11543	10986	6359	4953	4979	5092	12440	12159	12040	11376	7016	5262	5309	5352	12683	12324	11352	6797	5048	5075	5119	13227	11975	7225	5739	5752	5718	12573	7051	6481	6377	6490	6410	9391	6619	6667	5627	5726	5640	6838	6875	11805
12314	10706	10190	9257	9302	9707	9567	9269	9155	8705	5206	4094	4123	4097	10545	10157	9180	9224	9590	9493	9243	9122	8714	5237	4044	4159	4034	10617	9366	9432	9894	9870	9675	9332	8770	5417	4180	4310	4135	9652	9649	10200	10181	9752	9567	8942	5625	4267	4361	4217	14075	11107	9444	9226	9057	8628	5235	4092	4144	4113	11101	9421	9282	9128	8656	5267	4062	4189	4172	9967	9732	9462	8864	5640	4220	4379	4396	10014	9722	9022	5829	4301	4473	4361	10513	9530	6032	4805	4944	4840	10069	5657	5324	5461	5402	5120	7872	5466	5488	4692	4547	4567	5627	5635	9702
17700	15664	15204	14028	14081	14580	14508	14275	13943	13629	6400	4911	4868	4819	15604	15173	14028	13956	14514	14464	14240	13953	13488	6520	4880	4898	4907	15666	14294	14210	14897	14776	14453	14280	13721	6579	4986	4926	5000	14432	14450	15050	15118	14717	14455	13868	6803	5166	5224	5087	19682	16158	14290	14048	13879	13444	6228	4784	4816	4728	16161	14395	14160	13916	13461	6244	4890	4776	4888	14987	14597	14359	13819	6844	5184	5090	5013	15117	14725	13948	7106	5212	5186	5258	15677	14447	7341	5700	5698	5535	15023	7154	6260	6205	6173	6323	9133	6307	6325	5346	5263	5353	6493	6504	11526
16216	13336	13019	11749	11729	12246	12292	11936	11732	11277	6203	4801	4683	4832	13519	13036	11825	11906	12325	12271	11875	11781	11216	6272	4737	4692	4875	13521	11851	11925	12632	12543	12241	12091	11383	6532	4926	4865	4832	12269	12253	12925	12969	12553	12190	11502	6773	5035	4995	5093	18018	13967	12115	11940	11747	11124	6084	4805	4737	4810	14074	12136	11794	11630	11087	6095	4676	4705	4849	12885	12500	12193	11530	6689	5048	5048	4999	12888	12533	11699	7080	5176	5157	5166	13406	12223	7203	5638	5589	5683	12858	6932	6197	6210	6332	6063	9360	6461	6391	5250	5293	5328	6493	6502	11278
