1-2	1-3	1-4	1-5	1-6	1-7	1-8	1-9	1-10	1-11	1-12	1-13	1-14	1-15	2-3	2-4	2-5	2-6	2-7	2-8	2-9	2-10	2-11	2-12	2-13	2-14	2-15	3-4	3-5	3-6	3-7	3-8	3-9	3-10	3-11	3-12	3-13	3-14	3-15	4-5	4-6	4-7	4-8	4-9	4-10	4-11	4-12	4-13	4-14	4-15	5-6	5-7	5-8	5-9	5-10	5-11	5-12	5-13	5-14	5-15	6-7	6-8	6-9	6-10	6-11	6-12	6-13	6-14	6-15	7-8	7-9	7-10	7-11	7-12	7-13	7-14	7-15	8-9	8-10	8-11	8-12	8-13	8-14	8-15	9-10	9-11	9-12	9-13	9-14	9-15	10-11	10-12	10-13	10-14	10-15	11-12	11-13	11-14	11-15	12-13	12-14	12-15	13-14	13-15	14-15
17009	15121	14748	13656	13522	14158	13777	13702	13631	13120	7757	6244	6227	6147	15115	14822	13639	13600	14093	13887	13798	13588	13031	7832	6203	6162	6140	15195	13653	13628	14202	14327	14188	13791	13193	7748	6198	6100	6044	13768	13779	14406	14658	14288	13997	13241	7946	6186	6074	6165	18709	15866	13419	13452	13478	13050	8096	6405	6288	6319	15793	13428	13458	13403	13010	8003	6316	6310	6295	13942	14050	13934	13445	8570	6618	6567	6530	14567	14101	13224	7936	6155	6065	6148	15192	13901	8298	6803	6757	6755	14633	8394	7358	7458	7433	7788	10161	7877	7798	6872	6978	6943	8293	8350	13248
12517	12332	12381	11373	11620	12046	12388	12363	12284	11995	5498	3661	3753	3757	12399	12332	11493	11441	12103	12383	12370	12363	11948	5499	3697	3703	3747	12482	11491	11552	12234	12401	12489	12421	12003	5613	3624	3759	3671	11453	11459	12087	12428	12498	12362	11960	5590	3689	3820	3782	12542	12037	11542	11515	11534	11195	5377	3649	3708	3773	12034	11518	11597	11407	11190	5513	3652	3743	3780	12049	12057	12060	11707	5432	3686	3766	3732	12387	12453	12037	5522	3684	3724	3775	12415	12051	5593	3756	3763	3808	12241	5584	3770	3796	3841	5555	4009	3939	3918	3376	3480	3497	4294	4256	7563
18352	16644	16336	15502	15581	15789	15851	15683	15517	15197	6274	4648	4677	4720	16668	16249	15502	15504	15819	15815	15623	15520	15172	6236	4641	4673	4682	16724	15681	15737	16104	16093	15873	15664	15258	6393	4681	4769	4741	15845	15836	16270	16291	16052	15878	15377	6517	4862	4878	4851	19684	16894	15776	15534	15418	15152	6180	4597	4579	4603	16892	15763	15586	15393	15108	6186	4566	4613	4634	16242	15903	15762	15264	6533	4827	4819	4842	16270	16025	15470	6716	4965	4921	4980	16600	15853	6931	5215	5207	5305	16109	6632	5620	5608	5622	6128	7597	5617	5662	4919	4866	4797	5950	5802	10228
17569	15672	15098	13797	13791	14413	14177	13918	13774	13163	9138	7287	7424	7334	15549	15147	13794	13753	14408	14140	13970	13816	13068	9068	7225	7422	7278	15655	13907	13913	14620	14714	14317	14074	13203	9238	7289	7248	7390	14169	14045	14920	15047	14521	14167	13316	9345	7421	7442	7519	19627	16451	13908	13717	13704	13146	9219	7375	7389	7292	16466	13832	13779	13523	13118	9195	7324	7340	7274	14657	14465	14245	13439	9843	7796	7694	7715	14997	14355	13389	9558	7508	7461	7471	15673	14182	10047	8193	8165	8144	15069	9914	9010	9053	8958	8992	12411	9191	9136	7907	7949	7991	9456	9375	15076
13693	11739	11371	10312	10434	10923	10789	10577	10484	9998	4897	3983	3947	4030	11783	11327	10522	10457	10910	10835	10655	10455	9988	5058	4040	3893	4039	11823	10567	10605	11102	11040	10824	10678	10125	5178	4075	3944	4091	10792	10820	11489	11361	11086	10879	10273	5352	4148	4096	4158	15327	12242	10639	10517	10307	9925	4966	3951	3944	3951	12290	10740	10483	10349	10018	5068	3911	3864	3851	11239	10891	10868	10315	5515	4230	4112	4066	11286	10960	10413	5530	4232	4109	4174	11759	10858	5836	4714	4680	4628	11289	5634	5150	5029	5221	4970	7665	5152	5161	4320	4357	4436	5316	5346	9607
12593	12245	11968	10354	10182	11214	11901	11715	11582	10580	6719	4673	4577	4669	12229	12043	10287	10269	11264	11724	11757	11567	10531	6689	4760	4618	4666	12582	10354	10268	11477	12220	12228	12036	10754	6897	4744	4681	4722	10319	10337	11412	12321	12192	12033	10855	6806	4812	4641	4747	13315	11643	10219	10278	10195	9480	6389	4593	4556	4499	11428	10177	10141	10179	9303	6350	4565	4550	4464	11412	11142	11117	10147	6612	4704	4637	4592	12437	12039	10817	6932	4935	4736	4631	12263	10946	6990	4829	4765	4641	11463	7011	5014	4932	4956	6839	6041	5366	5411	4487	4423	4424	5299	5304	9625
17562	15704	15498	14408	14472	14806	14733	14652	14392	13986	6132	4690	4561	4662	15684	15367	14444	14351	14829	14678	14624	14418	14010	6131	4639	4634	4583	15800	14575	14509	15103	15096	14817	14588	14109	6374	4837	4739	4776	14702	14718	15205	15158	15018	14704	14059	6373	4820	4831	4901	19237	16221	14580	14482	14265	13894	6103	4644	4592	4619	16367	14560	14459	14232	13951	6090	4616	4644	4650	15212	14870	14701	14184	6548	4899	4903	4879	15367	14952	14214	6627	4884	4854	4876	15811	14794	6932	5366	5357	5431	15226	6666	5828	5781	5821	6033	8317	5940	6049	5055	4971	4991	6281	6129	10805
11379	9771	9520	7601	7623	8533	8744	8504	8226	7187	7350	5682	5633	5682	10055	9537	7695	7593	8534	8687	8622	8241	7328	7385	5559	5684	5705	10083	8078	7995	9001	9515	9246	8673	7421	7635	5812	5905	5810	8122	8032	9255	9742	9439	8942	7674	7889	5832	5933	5898	13115	10057	8018	7913	7599	6774	6896	5439	5458	5458	10100	8057	7754	7405	6732	6873	5387	5525	5482	9059	8676	8365	7410	7464	5711	5770	5793	9781	9228	7767	7943	5933	5970	5971	9906	8440	8215	6356	6388	6476	9087	7963	6904	7002	7101	7106	9973	7484	7383	5962	5978	5918	7076	7088	11786
13065	11328	11012	9987	10110	10390	10428	10213	10009	9655	5126	4011	4064	3861	11353	10977	9986	9987	10424	10419	10225	10020	9671	4991	3919	3930	3916	11314	10251	10193	10634	10699	10378	10182	9740	5208	3999	3970	4015	10341	10378	10966	11038	10607	10358	9830	5484	4054	4090	4081	14826	11831	10290	10110	9852	9562	4951	3830	3846	3896	11856	10383	10224	9903	9580	5014	3877	3823	3831	10827	10572	10342	9867	5430	4060	4115	4109	10824	10626	9964	5606	4138	4174	4245	11296	10350	5857	4596	4616	4592	10852	5552	5063	5063	5025	4859	7419	5192	5110	4408	4322	4454	5357	5181	9198
13550	11462	10912	9803	9826	10445	10091	10065	9796	9262	6412	5078	5284	5143	11511	10902	9781	9847	10431	10039	9934	9812	9266	6510	5103	5145	5079	11531	9852	9797	10459	10580	10245	9925	9185	6490	5230	5220	5159	10075	10037	10764	10934	10591	10200	9343	6664	5266	5306	5239	15416	12240	9874	9848	9636	9197	6494	5326	5277	5188	12222	9781	9811	9688	9093	6568	5291	5228	5219	10353	10322	10143	9573	7134	5598	5506	5598	10795	10322	9383	6683	5238	5304	5193	11588	10138	7203	5967	5993	5863	10902	7059	6613	6621	6645	6422	9795	6921	6941	6020	6063	5924	7161	7130	12136
16265	14171	13881	12781	12822	13323	13102	12879	12672	12180	5933	4473	4688	4521	14359	13818	12796	12815	13160	13175	12938	12764	12185	5993	4515	4646	4522	14235	12901	12864	13469	13489	13280	12937	12429	6109	4662	4594	4596	13075	13190	13677	13771	13455	13082	12391	6250	4689	4833	4811	18361	14969	12917	12852	12533	12141	6120	4523	4522	4452	14905	12927	12728	12518	12145	6008	4562	4560	4536	13612	13326	13063	12357	6505	4741	4780	4820	13761	13322	12505	6567	4776	4849	4800	14267	13178	6869	5278	5384	5379	13725	6499	5903	5905	5885	5875	8809	6240	6070	5034	5111	5151	6329	6266	11213
14439	12991	12574	11754	11743	12184	12076	11898	11774	11399	5387	4052	4081	4115	12934	12568	11786	11796	12213	11975	11858	11844	11404	5236	4097	4165	4147	12980	11824	11789	12282	12346	12127	11852	11397	5398	4056	4064	4186	11978	11973	12496	12596	12358	12016	11512	5544	4107	4202	4186	15999	13579	11776	11747	11680	11318	5434	4169	4162	4256	13484	11676	11736	11630	11363	5398	4099	4146	4238	12268	12102	12112	11578	5826	4322	4373	4367	12447	12161	11574	5542	4117	4155	4167	12984	11940	5917	4575	4522	4615	12515	5670	4960	4983	5087	5289	7133	5177	5318	4631	4661	4653	5621	5591	9730
15916	13477	13065	11893	12005	12402	12373	12127	11917	11288	6192	4838	4847	4782	13574	13169	11999	12044	12376	12488	12110	11866	11243	6224	4814	4800	4848	13687	12191	12212	12778	12732	12393	12134	11453	6458	4849	4955	5008	12306	12341	13033	12975	12659	12351	11582	6598	5033	5108	5076	17841	14260	12264	11983	11810	11241	6079	4758	4769	4803	14183	12319	12051	11794	11329	6106	4715	4846	4773	12965	12523	12234	11622	6662	5031	5195	5066	12974	12574	11733	6908	5249	5268	5191	13652	12327	7261	5777	5701	5716	12982	6879	6399	6382	6307	5995	9388	6492	6423	5345	5345	5321	6630	6534	11487
11300	10259	9835	8101	8009	8989	9269	9170	8727	7759	7041	5366	5288	5409	10161	9947	8123	8129	8937	9285	9075	8842	7672	7020	5403	5331	5323	10419	8276	8173	9302	10062	9657	9311	8089	7335	5392	5517	5531	8384	8311	9416	10206	9918	9542	8110	7403	5475	5506	5561	12724	10125	8175	8144	7770	7086	6578	5165	5192	5222	10071	8155	8031	7781	7085	6672	5249	5268	5185	9275	8990	8606	7677	7099	5463	5405	5426	10114	9687	8242	7568	5558	5639	5528	10340	8617	7787	5988	6043	6057	9292	7657	6382	6381	6468	6933	8833	6889	6959	5578	5553	5455	6618	6565	11160
15963	13731	13297	12050	11908	12501	12473	12208	11903	11245	8246	6518	6563	6573	13740	13190	11855	11912	12463	12492	12160	11826	11264	8193	6438	6513	6579	13813	12178	12110	12892	12900	12471	12220	11316	8491	6623	6722	6782	12525	12375	13194	13299	12837	12481	11600	8708	6849	6910	6904	17990	14493	12317	12103	11849	11220	8128	6487	6471	6520	14495	12254	12125	11810	11207	8016	6485	6403	6507	13044	12754	12391	11594	8937	6818	6904	6915	13131	12792	11784	9033	6935	7034	7025	13785	12389	9444	7559	7735	7756	13173	9108	8225	8396	8365	8002	11666	8430	8575	7378	7256	7234	8684	8714	13972
11930	9930	9627	8528	8524	8881	8807	8576	8482	7891	5789	4652	4543	4555	9951	9626	8491	8574	9060	8736	8627	8444	7978	5754	4615	4639	4659	10181	8509	8467	9167	9220	8896	8540	8052	5822	4701	4609	4638	8732	8740	9369	9544	9235	8902	8166	6088	4758	4695	4698	13867	10747	8552	8472	8275	7964	5938	4740	4664	4755	10684	8513	8465	8265	7897	5865	4636	4654	4722	9153	8994	8864	8214	6309	4842	4936	5044	9485	9081	8055	6174	4735	4655	4699	9998	8816	6626	5424	5275	5323	9446	6298	5974	5976	5933	5706	8903	6278	6155	5339	5284	5326	6356	6436	10948
12794	11220	10809	10056	10044	10399	10344	10185	10068	9656	4640	3574	3594	3622	11240	10771	10036	9998	10461	10350	10190	10023	9695	4651	3603	3531	3614	11268	10218	10116	10513	10606	10360	10185	9791	4701	3695	3624	3636	10272	10200	10755	10893	10564	10342	9839	4860	3663	3649	3669	14273	11720	10146	10044	10057	9575	4627	3620	3588	3594	11639	10178	10098	10022	9667	4605	3597	3675	3586	10611	10456	10205	9805	5079	3773	3779	3776	10807	10546	9808	5125	3824	3755	3805	11235	10295	5298	4168	4039	4223	10936	5139	4644	4561	4571	4424	6740	4778	4733	3919	4022	3996	4857	4888	8438
13519	11439	10858	9436	9398	10189	9770	9592	9377	8758	7673	6284	6220	6220	11442	10866	9454	9430	10092	9712	9499	9395	8797	7598	6251	6061	6157	11514	9466	9636	10301	10499	10018	9542	8830	7659	6189	6144	6200	9753	9683	10703	10858	10383	9830	8943	7981	6290	6314	6340	15766	12345	9484	9351	9259	8652	7810	6333	6327	6224	12356	9462	9386	9213	8649	7753	6433	6318	6258	10261	10063	9801	9159	8546	6712	6590	6701	10712	10080	8936	7902	6367	6313	6283	11343	9895	8533	7119	7067	7102	10801	8402	7952	8073	7984	7607	11673	8224	8242	7297	7254	7268	8595	8606	13717
13347	13107	12883	11626	11458	12434	12925	12858	12665	12046	6483	4309	4390	4290	12998	13171	11420	11367	12570	12957	12927	12842	11859	6484	4397	4441	4327	13173	11655	11549	12516	13216	13188	12983	12016	6510	4362	4314	4282	11495	11523	12654	13265	13278	13084	12076	6500	4429	4406	4421	13695	12499	11377	11518	11392	10900	6075	4292	4232	4198	12421	11456	11407	11310	10771	6125	4284	4243	4186	12450	12376	12288	11471	6254	4351	4335	4299	13139	13089	12158	6437	4360	4320	4362	13097	12185	6452	4372	4397	4323	12550	6535	4540	4565	4489	6351	5051	4781	4802	4108	3996	4040	4926	4896	8787
13250	11509	11415	10470	10459	10835	10644	10536	10429	10039	4520	3591	3497	3482	11531	11318	10489	10450	10849	10764	10603	10414	10064	4554	3502	3529	3578	11671	10610	10613	11131	10972	10761	10596	10130	4600	3610	3571	3647	10700	10732	11330	11229	10914	10821	10251	4832	3716	3681	3712	14759	11952	10765	10527	10439	9981	4495	3415	3509	3527	11979	10735	10550	10430	9992	4413	3459	3513	3553	11202	10957	10768	10225	4896	3701	3641	3812	11229	10924	10346	5103	3701	3809	3767	11605	10691	5318	4146	4100	4177	11140	5033	4547	4520	4590	4457	6675	4642	4733	3812	3902	3778	4773	4640	8267
19321	17487	16965	16100	16051	16466	16156	16210	16089	15560	7946	6162	6130	6083	17367	17043	16049	16031	16551	16256	16266	16108	15529	8026	6181	6114	6154	17552	16139	16155	16677	16663	16526	16355	15621	8076	6292	6048	6126	16194	16224	16761	16965	16712	16460	15671	8210	6242	6184	6139	20808	18116	15997	15975	15929	15469	8049	6294	6164	6201	17923	15990	15918	15896	15440	8043	6311	6170	6190	16530	16427	16389	15854	8528	6566	6388	6393	16908	16420	15742	8288	6215	6141	6230	17511	16300	8711	6734	6663	6797	16912	8539	7368	7349	7346	7871	10107	7666	7534	6610	6668	6692	7998	8081	13218
11673	11367	11532	10047	9911	10787	11251	11276	11308	10349	5561	3851	3817	3729	11415	11415	10020	9987	10764	11366	11186	11311	10430	5647	3807	3838	3766	11587	9960	9898	10823	11674	11346	11337	10476	5670	3826	3774	3772	9997	10067	10920	11559	11446	11501	10564	5624	3805	3813	3806	11990	10975	10022	9929	9978	9446	5327	3737	3660	3578	10703	9999	9805	9871	9366	5322	3654	3764	3733	10840	10674	10834	10064	5566	3776	3811	3684	11576	11451	10470	5627	3705	3809	3669	11575	10612	5705	3826	3825	3767	11024	5693	3950	3934	3897	5669	4540	4041	4078	3471	3380	3493	4248	4327	7696
14916	13194	12791	12095	12067	12405	12367	12200	12018	11720	4589	3491	3414	3453	13223	12831	12125	12042	12375	12441	12162	12054	11686	4608	3472	3416	3412	13230	12210	12215	12666	12600	12401	12189	11876	4809	3546	3452	3547	12451	12371	12965	12803	12466	12407	11961	4873	3565	3518	3596	16605	13533	12225	12095	12043	11629	4579	3401	3384	3471	13575	12327	12138	12047	11611	4587	3413	3390	3389	12701	12508	12294	11876	4949	3545	3638	3614	12856	12579	12054	5156	3708	3707	3701	13242	12400	5295	3994	4136	4068	12825	5061	4427	4341	4510	4507	6535	4502	4590	3797	3786	3679	4688	4644	8308
13131	12829	12928	11601	11528	12290	12906	12686	12608	11800	6117	4161	4269	4196	12959	12899	11317	11476	12489	12815	12757	12659	11877	6241	4019	4313	4267	13100	11504	11429	12307	12958	12821	12820	12019	6310	4181	4366	4229	11412	11456	12235	12976	13075	12704	11895	6307	4178	4285	4276	13378	12259	11498	11460	11236	10716	5899	4010	4248	4082	12256	11489	11397	11376	10862	6062	4050	4185	4136	12379	12198	12158	11563	6110	4137	4291	4343	12947	12808	11933	6317	4141	4261	4286	12932	12057	6382	4150	4366	4282	12170	6323	4332	4437	4376	6305	4763	4665	4583	3838	3979	3999	4772	4804	8569
13576	11651	11314	10251	10269	10691	10573	10512	10310	9782	6095	4713	4817	4711	11698	11276	10264	10217	10706	10546	10546	10310	9784	6092	4817	4870	4796	11880	10306	10262	10880	10923	10810	10396	9756	6197	4852	4904	4708	10474	10338	11082	11321	11015	10711	9861	6374	4865	4890	4824	15380	12401	10250	10253	10174	9761	6131	4863	4959	4892	12372	10227	10277	10134	9733	6158	4908	4939	4886	10884	10760	10640	10040	6632	5158	5167	5067	11145	10770	10009	6408	4868	5013	4892	11714	10578	6717	5585	5575	5520	11231	6657	6152	6083	6048	6027	8920	6416	6369	5497	5415	5411	6671	6613	11152
13351	13106	13174	12346	12380	12922	13076	13330	13147	12661	6121	3934	4068	4081	13158	13119	12280	12225	12855	13113	13132	13138	12709	6113	4004	4085	4128	13184	12373	12277	12940	13303	13280	13174	12817	6175	4032	4132	4110	12369	12373	12942	13286	13358	13279	12767	6152	4021	4077	4149	13465	12972	12382	12376	12306	12002	6045	3954	4087	4076	12827	12284	12218	12139	11996	6023	3987	4043	4028	12848	12958	12922	12447	6089	3991	4093	4079	13231	13164	12867	6116	4068	4075	4053	13223	12908	6161	4042	4068	4141	12895	6129	4130	4062	4152	6142	4300	4282	4295	3763	3750	3769	4615	4523	8258
17438	15605	15141	13961	13995	14594	14356	14187	13975	13425	8661	6658	6688	6791	15642	15050	13915	13978	14560	14355	14142	13992	13444	8790	6818	6740	6738	15737	14147	14163	14764	14788	14460	14134	13480	8751	6734	6791	6809	14348	14347	15149	15125	14692	14504	13609	9078	6868	6937	6985	19409	16397	14085	13996	13806	13303	8661	6746	6799	6761	16327	14110	13872	13897	13384	8695	6754	6778	6770	14777	14492	14285	13755	9303	7068	7098	7068	15008	14508	13719	9104	6957	6955	7033	15751	14404	9509	7603	7568	7619	15059	9379	8335	8220	8264	8659	11196	8592	8471	7412	7387	7323	8680	8743	14145
14846	12640	12288	10754	10680	11487	11276	11065	10662	10042	8192	6645	6752	6699	12685	12167	10882	10842	11513	11279	10995	10736	10022	8313	6692	6825	6787	12756	10968	11070	11806	11701	11404	11039	10290	8520	6815	6953	6781	11316	11245	12143	12052	11736	11305	10455	8775	6963	7131	7069	17108	13521	11046	10831	10560	9954	8210	6648	6706	6723	13561	10992	10854	10572	9937	8110	6636	6710	6711	11982	11561	11241	10433	8823	7068	7026	7130	12082	11628	10550	9099	7134	7186	7207	12839	11380	9473	7925	7934	7967	12255	9201	8593	8664	8579	8115	12322	8847	8851	7586	7606	7516	8957	8956	14345
12587	12513	12473	11290	11395	11977	12270	12330	12425	11886	5078	3513	3569	3525	12209	12534	11226	11354	11981	12412	12421	12338	11733	4964	3485	3530	3528	12361	11259	11326	11973	12439	12417	12545	11979	5060	3585	3494	3514	11256	11344	12107	12341	12527	12468	11882	5082	3529	3551	3457	12585	11991	11228	11124	11269	11103	5015	3521	3517	3519	12000	11257	11278	11317	11055	5010	3535	3509	3534	11957	11873	11889	11475	5127	3480	3503	3500	12479	12436	11876	5096	3555	3470	3475	12489	11874	5073	3604	3512	3464	12183	5136	3611	3588	3544	5113	3860	3786	3691	3416	3394	3421	4147	4163	7535
14138	14023	14153	12930	12874	13506	13925	13891	13844	13300	6411	4416	4268	4358	14134	13922	12875	12862	13651	14007	13947	14017	13433	6471	4423	4394	4308	14154	12932	12966	13596	14122	14106	14134	13549	6437	4436	4441	4381	12907	12901	13659	14148	13970	13978	13559	6537	4409	4349	4278	14259	13650	12879	12824	12855	12588	6405	4316	4320	4351	13692	12951	12950	12833	12375	6352	4385	4416	4296	13622	13720	13530	13185	6446	4444	4404	4333	14063	14211	13524	6494	4408	4372	4440	14246	13523	6554	4518	4380	4345	13679	6656	4435	4499	4415	6563	4900	4613	4628	4030	3960	4104	4935	5017	8785
11459	11163	11026	9552	9595	10513	10886	10871	10771	9797	5983	4104	4129	4060	11114	11044	9477	9484	10360	10968	10916	10634	9635	5959	4040	4145	4008	11213	9563	9588	10457	11326	11217	11064	9947	6112	4080	4164	4121	9431	9449	10575	11092	11200	10897	9895	6112	4199	4152	4140	11914	10642	9496	9420	9436	8836	5739	4019	4038	3982	10522	9439	9503	9290	8681	5716	4006	4018	4026	10407	10426	10299	9468	5935	4029	4132	4103	11228	11087	9974	6058	4166	4079	4049	11175	10190	6125	4173	4268	4220	10428	6220	4317	4324	4353	5952	5100	4744	4530	3887	3835	3846	4818	4863	8494
16414	14128	13481	12114	12169	12857	12768	12236	12102	11426	8964	7255	7277	7330	14187	13524	12193	12214	12871	12584	12305	12144	11336	8914	7168	7241	7193	14227	12475	12425	13144	13111	12805	12379	11605	9239	7410	7459	7446	12693	12647	13541	13522	12821	12732	11815	9597	7514	7554	7640	18465	14791	12674	12272	11884	11379	8867	7101	7178	7189	14684	12618	12281	11966	11353	8809	7168	7166	7222	13341	12917	12534	11679	9579	7445	7555	7560	13446	13058	12045	9995	7778	7815	7875	14134	12631	10254	8404	8435	8403	13377	9775	9089	9200	9206	8771	12652	9338	9405	7948	7996	7967	9486	9530	14679
11853	9797	9300	7939	8032	8526	8482	8149	7934	7376	6098	5063	5143	5116	9730	9253	7905	7861	8480	8468	8086	7896	7370	6070	4960	4940	4983	9796	8212	8301	8886	8892	8512	8258	7484	6539	5155	5182	5136	8451	8535	9118	9160	8837	8419	7524	6681	5239	5290	5424	14186	10400	8447	7998	7783	7372	6054	4979	4885	4977	10445	8346	8019	7773	7301	6128	4976	4907	4941	9090	8704	8372	7593	6829	5310	5281	5258	9053	8765	7900	7137	5456	5529	5489	9718	8482	7383	6069	6136	6206	9083	6844	6568	6733	6733	6049	9943	6846	6802	5615	5694	5591	6811	6811	11582
15705	12869	12525	11308	11267	11814	11897	11531	11228	10738	5879	4443	4598	4607	12918	12399	11334	11294	11896	11763	11427	11295	10837	5806	4624	4507	4539	13065	11498	11573	12103	12072	11829	11425	10937	6069	4633	4654	4665	11685	11683	12449	12462	11932	11672	10967	6318	4764	4798	4837	17761	13513	11589	11370	11176	10773	5756	4473	4569	4580	13475	11578	11332	11102	10690	5709	4528	4598	4520	12376	11824	11640	10976	6173	4710	4826	4795	12437	12012	11107	6647	4897	5049	4996	12936	11821	6880	5410	5433	5507	12234	6515	5937	5935	5940	5707	8990	6192	6076	5088	4980	5061	6217	6223	10947
16323	14330	13912	12707	12786	13315	13118	13009	12656	12102	8310	6718	6568	6714	14373	13908	12776	12811	13235	13082	12933	12730	12095	8204	6629	6503	6609	14439	12889	12819	13500	13488	13340	12941	12199	8461	6692	6444	6653	12994	13026	13748	13860	13492	13082	12339	8619	6886	6696	6760	18473	15170	12792	12676	12499	12064	8384	6671	6674	6697	15148	12687	12680	12519	12046	8345	6672	6659	6659	13426	13316	13091	12472	8994	7070	6987	7047	13846	13329	12432	8777	6831	6793	6874	14481	13207	9152	7519	7500	7523	13825	8943	8228	8208	8342	8235	11330	8457	8473	7324	7376	7342	8842	8805	13921
16158	14265	13919	13212	13259	13523	13534	13307	13189	12885	4540	3305	3346	3413	14238	13933	13283	13331	13526	13492	13327	13227	12879	4596	3381	3344	3412	14328	13442	13348	13648	13723	13417	13321	12975	4732	3409	3407	3479	13492	13459	13913	14009	13679	13483	13073	4788	3476	3503	3606	17350	14523	13321	13207	13095	12870	4608	3321	3346	3392	14624	13369	13159	13071	12851	4523	3305	3284	3316	13756	13584	13427	12989	4782	3449	3458	3501	13812	13654	13137	5057	3623	3636	3529	14143	13416	5160	3920	3822	3863	13692	4917	4117	4145	4233	4472	5901	4246	4366	3568	3654	3640	4456	4380	7939
12848	12613	12649	11188	11287	12022	12444	12531	12494	11599	6027	4213	4218	4154	12779	12570	11289	11190	12126	12528	12536	12431	11497	6186	4214	4220	4187	12816	11100	11226	12026	12746	12791	12615	11768	6074	4155	4208	4166	11138	11220	12021	12830	12775	12689	11757	5994	4172	4226	4194	13248	12135	10959	11145	10949	10565	5903	4188	4124	4201	12201	11233	11085	11132	10577	5866	4172	4192	4225	11958	12021	11977	11225	6093	4221	4234	4252	12768	12669	11681	6065	4137	4142	4213	12881	11790	6098	4140	4218	4318	12031	6144	4261	4320	4334	6081	4893	4549	4628	3991	3989	4014	4953	4850	8835
13122	12921	12800	11711	11840	12499	13053	12856	12877	12290	5923	4026	4127	4093	13006	12866	11674	11694	12516	12818	12771	12848	12251	6025	3998	3995	4012	13055	11743	11818	12498	13047	13022	12968	12365	6055	4009	4042	4010	11639	11739	12634	13088	12866	12733	12410	6135	4044	4022	4037	13222	12432	11724	11846	11696	11241	5905	4085	3962	3970	12554	11716	11708	11695	11309	5754	4030	3951	3944	12584	12528	12441	11934	5978	4035	3990	4035	12969	12940	12420	6010	3999	4048	4031	12972	12473	6024	3988	4003	4084	12583	6018	4145	4095	4104	5987	4455	4259	4250	3753	3780	3776	4482	4515	8194
13893	11542	11045	9732	9682	10338	10314	9921	9812	9287	6328	5138	5027	5086	11548	11002	9727	9835	10392	10393	9998	9856	9135	6465	5123	5083	5134	11657	10056	10041	10710	10693	10306	10020	9359	6736	5247	5274	5180	10280	10235	11030	11027	10607	10261	9501	7010	5343	5296	5376	16067	12167	10216	9889	9733	9141	6331	5059	5051	5023	12287	10205	9876	9769	9208	6437	5089	5158	5048	10945	10491	10270	9499	6949	5354	5256	5358	10962	10500	9722	7387	5499	5528	5597	11598	10408	7611	6198	6127	6141	10982	7185	6760	6800	6797	6347	9867	6802	6757	5734	5774	5768	6894	6915	11826
14234	12637	12366	11600	11512	12014	11870	11694	11564	11273	4401	3301	3318	3208	12704	12379	11589	11646	11939	11931	11673	11642	11230	4329	3181	3254	3255	12685	11754	11740	12155	12119	11924	11764	11320	4408	3355	3287	3251	11902	11828	12359	12391	12011	11863	11457	4551	3365	3379	3318	15721	13011	11743	11584	11499	11140	4350	3178	3209	3271	13078	11660	11611	11478	11208	4395	3256	3242	3211	12175	11959	11815	11341	4712	3399	3479	3424	12283	12034	11436	4717	3401	3443	3400	12724	11866	4908	3777	3689	3733	12304	4677	4230	4139	4228	4251	6177	4237	4241	3495	3634	3533	4478	4460	7971
13575	11323	10860	9814	9804	10193	10274	10002	9862	9347	6001	4712	4726	4776	11373	10878	9835	9904	10281	10200	10066	9826	9389	6011	4759	4745	4730	11553	9983	10034	10566	10626	10292	10148	9564	6205	4771	4899	4913	10338	10256	10876	10941	10508	10210	9593	6403	4895	4952	4915	15276	11860	10057	9952	9661	9329	5874	4590	4633	4648	11941	10231	9794	9701	9263	5895	4599	4673	4706	10759	10498	10130	9581	6371	4910	5023	4948	10908	10577	9826	6847	5102	5074	5139	11443	10242	7026	5594	5645	5644	10787	6550	6084	6106	6289	5943	8877	6235	6291	5240	5263	5245	6199	6245	10683
12222	12001	11927	10491	10456	11293	11877	11837	11675	10850	5951	4033	4114	4135	11953	11900	10504	10509	11362	11708	11773	11610	10858	6131	4064	4115	4092	12112	10515	10419	11401	11997	12022	11942	11043	6101	4060	4093	4085	10441	10552	11408	12103	12075	11851	10959	6039	4087	4173	4071	12625	11489	10412	10378	10445	9786	5701	3970	4052	3873	11531	10431	10469	10373	9735	5742	3888	4012	3902	11339	11319	11170	10527	5891	3981	4126	4039	12059	11935	11190	6087	4040	4127	4074	12016	11030	6025	4122	4137	4164	11277	6151	4179	4308	4227	5930	4762	4515	4499	3789	3768	3715	4656	4663	8553
17775	15655	15261	14341	14320	14677	14669	14495	14419	13918	6350	4868	4770	4755	15675	15243	14321	14369	14684	14796	14474	14273	13913	6356	4800	4825	4801	15819	14470	14534	15030	14934	14690	14543	14039	6546	4881	4816	4871	14722	14765	15219	15258	14963	14621	14116	6758	4991	4982	5006	19326	16092	14698	14387	14192	13838	6203	4696	4720	4703	16130	14661	14424	14272	13809	6271	4671	4729	4761	15210	14853	14647	14116	6720	4921	4991	4943	15278	14907	14282	7040	5126	5081	5063	15732	14705	7245	5540	5516	5528	15186	6864	5977	6005	6066	6216	8386	6017	6072	5048	5101	5067	6263	6240	10665
14407	12207	11712	10514	10426	11035	10933	10627	10446	9924	6649	5189	5264	5089	12180	11628	10468	10498	11022	10992	10613	10400	9885	6606	5151	5281	5177	12190	10683	10697	11443	11369	10978	10791	10061	6916	5290	5346	5293	11002	10988	11727	11719	11236	10898	10228	7262	5421	5491	5401	16473	12900	10794	10538	10399	9846	6558	5177	5058	5141	12905	10826	10490	10336	9822	6625	5231	5158	5142	11505	11240	10910	10190	7064	5465	5469	5447	11548	11191	10474	7568	5660	5635	5599	12370	10928	7740	6155	6107	6202	11594	7310	6773	6874	6760	6506	10041	6861	6900	5765	5859	5688	7087	6991	11953
15404	15293	15240	14299	14394	15021	15386	15294	15209	14783	6324	4361	4454	4404	15261	15186	14287	14331	14937	15238	15213	15243	14917	6303	4385	4479	4511	15327	14336	14425	14968	15218	15259	15282	14869	6342	4329	4415	4384	14403	14405	14922	15378	15232	15250	14836	6313	4339	4358	4333	15497	14908	14320	14417	14300	14065	6366	4393	4454	4418	14948	14386	14384	14224	14241	6382	4361	4434	4400	14855	14942	14812	14648	6415	4401	4424	4441	15344	15340	15009	6323	4346	4380	4405	15143	14871	6290	4426	4484	4413	14921	6393	4439	4461	4455	6352	4624	4601	4633	4277	4261	4266	5106	5135	9248
14702	14142	14234	12359	12341	13362	14028	13986	13850	12696	8464	6124	5941	5974	14197	14236	12281	12303	13410	14017	13967	13801	12602	8530	6103	5888	5973	14468	12358	12294	13564	14498	14333	14047	12772	8568	6199	6003	6043	12458	12445	13570	14378	14376	14310	12916	8593	6159	5942	6036	15316	13734	12354	12226	12176	11380	8036	5917	5902	5803	13700	12412	12244	12117	11509	8104	5938	5826	5868	13465	13395	13369	12239	8468	5954	5941	5913	14516	14311	12959	8540	6056	6071	6052	14396	13257	8712	6220	6051	6130	13527	8737	6399	6267	6341	8470	7552	6774	6746	5690	5603	5630	6857	6886	11474
18181	15536	15098	14161	14092	14522	14614	14298	14136	13665	5967	4645	4630	4608	15599	15263	14158	14132	14529	14500	14292	14126	13688	6007	4650	4590	4639	15756	14251	14240	14884	14897	14599	14357	13785	6284	4722	4827	4742	14371	14482	15160	15376	14722	14463	13844	6363	4850	4824	4823	20004	16051	14365	14148	13988	13616	5958	4555	4588	4690	15866	14377	14215	13973	13629	5985	4612	4581	4608	14954	14723	14461	13838	6401	4791	4803	4850	15120	14828	14036	6787	5006	4968	4957	15537	14525	6988	5370	5286	5329	15051	6553	5868	5822	5890	5914	8508	5940	6089	4900	4845	4913	6058	6081	10674
11834	11346	11102	9163	9182	10337	10777	10686	10428	9255	6828	4816	4864	4882	11272	11175	9145	9168	10252	10754	10671	10575	9238	6653	4825	4825	4942	11635	9391	9355	10371	11492	11237	10936	9522	6918	4901	4883	4896	9372	9427	10541	11379	11374	10934	9579	6951	4873	4885	4951	12744	10821	9132	9237	9130	8236	6380	4798	4751	4850	10898	9219	9216	9057	8215	6385	4768	4788	4749	10258	10296	10067	8981	6804	4952	4924	4964	11428	11040	9463	6786	4902	4792	4883	11533	9853	7070	5083	5054	5046	10294	7090	5257	5371	5382	6746	6692	5805	5930	4775	4751	4782	5735	5793	10025
14423	12891	12492	11644	11522	12042	11954	11774	11630	11152	5340	4025	4099	4011	12835	12518	11669	11556	12092	11842	11802	11578	11327	5338	4052	4045	4021	12930	11691	11679	12200	12163	12030	11734	11346	5407	4128	4091	4021	11905	11946	12483	12476	12318	11934	11429	5620	4263	4220	4093	16030	13395	11783	11635	11457	11126	5284	4019	4072	4089	13423	11830	11602	11540	11133	5383	4058	4080	4066	12246	12086	11966	11335	5827	4285	4270	4217	12354	12028	11419	5706	4274	4215	4149	12849	11903	5926	4719	4633	4628	12408	5742	5086	5157	5156	5214	7357	5225	5258	4391	4479	4435	5595	5455	9501
14912	12979	12645	11547	11662	12162	11884	11895	11712	11248	5323	4117	4231	4198	12941	12588	11602	11624	12130	11852	11776	11711	11179	5229	4201	4201	4181	13191	11721	11654	12170	12300	12211	11921	11218	5315	4168	4243	4148	11848	11758	12443	12599	12326	12115	11382	5429	4233	4229	4262	16772	13784	11630	11595	11465	11226	5363	4247	4330	4323	13806	11509	11571	11648	11246	5366	4225	4253	4262	12002	12098	11998	11409	5770	4482	4432	4475	12578	12064	11359	5445	4186	4232	4214	13092	11929	5844	4772	4682	4729	12631	5836	5331	5323	5305	5270	7743	5612	5490	4783	4801	4762	5926	5889	10589
11033	10729	10775	9465	9483	10387	10687	10707	10570	9824	5081	3366	3453	3397	10764	10697	9498	9396	10294	10690	10748	10742	9816	5186	3468	3580	3365	10919	9634	9415	10357	10939	10818	10876	9982	5142	3440	3468	3439	9437	9437	10406	11000	10894	10789	9983	5288	3434	3469	3477	11267	10443	9441	9365	9355	8820	4928	3330	3399	3402	10377	9381	9427	9351	8846	4942	3331	3333	3358	10207	10280	10018	9501	5182	3333	3499	3410	10985	10814	9973	5123	3441	3412	3466	10948	10186	5209	3441	3486	3490	10280	5281	3500	3600	3568	5149	4079	3839	3820	3180	3230	3175	3978	4025	7204
12887	10827	10342	9112	9210	9747	9657	9287	9153	8594	5318	4271	4316	4200	10790	10412	9118	9210	9820	9704	9369	9215	8662	5404	4271	4375	4234	10715	9318	9391	9960	9975	9688	9248	8757	5462	4232	4293	4336	9492	9518	10361	10230	9855	9665	8976	5783	4477	4467	4478	15039	11413	9431	9047	9028	8529	5193	4227	4211	4224	11299	9532	9082	9031	8551	5325	4219	4257	4287	10316	9708	9461	8858	5758	4488	4497	4564	10218	9882	8998	6057	4599	4603	4612	10779	9588	6319	5102	5097	5094	10252	6063	5728	5791	5672	5162	8706	5850	5801	4716	4816	4801	5901	5863	10477
12126	12001	11957	10469	10578	11264	11865	11781	11657	10962	5431	3562	3591	3557	12115	11942	10534	10572	11386	11956	11883	11722	11081	5309	3662	3763	3633	12145	10513	10581	11348	12104	12074	11950	11008	5536	3581	3737	3653	10494	10418	11377	12157	12211	12033	11264	5316	3567	3719	3670	12355	11363	10376	10496	10384	10024	5222	3559	3543	3525	11285	10446	10462	10371	9897	5200	3540	3620	3636	11401	11360	11271	10619	5402	3595	3671	3607	11959	11964	11214	5343	3625	3600	3638	12102	11201	5435	3548	3607	3643	11468	5444	3632	3745	3779	5423	4185	4004	3988	3339	3328	3222	4087	4170	7552
14606	12247	11808	11013	10843	11342	11423	11143	10879	10508	5095	3865	3856	3957	12272	11764	10925	10929	11305	11371	11079	10817	10522	4928	3860	3929	3940	12238	11034	11094	11678	11532	11290	11093	10613	5255	3937	3961	3975	11260	11300	11856	12015	11444	11156	10746	5442	4049	3982	4111	16274	12570	11199	11025	10858	10459	4959	3822	3851	3910	12646	11220	10984	10865	10389	4947	3902	3878	3882	11775	11407	11189	10713	5387	4056	4124	4088	11795	11451	10803	5653	4130	4245	4180	12254	11234	5853	4450	4599	4633	11731	5495	4951	5008	5041	4838	7242	5092	5111	4198	4264	4292	5138	5154	9026
15293	15145	15170	14025	13981	14734	15163	15111	14982	14369	7614	5177	5152	5216	15268	15256	14083	13972	14717	15221	15007	15011	14464	7564	5142	5191	5174	15302	14036	13875	14707	15401	15200	15204	14660	7616	5135	5161	5172	14048	13969	14704	15212	15424	15191	14595	7546	5240	5189	5196	15630	14771	13981	14082	13932	13493	7486	5269	5179	5251	14700	13937	13895	13991	13496	7484	5198	5139	5211	14759	14630	14644	14092	7652	5220	5190	5259	15326	15178	14579	7566	5136	5239	5175	15190	14687	7688	5221	5252	5182	14753	7633	5263	5371	5268	7724	5770	5571	5556	4954	4918	4846	5992	5996	10176
11672	11618	11541	10286	10516	11239	11421	11509	11466	10930	5416	3628	3625	3627	11508	11587	10424	10412	11218	11447	11398	11454	10930	5302	3604	3587	3612	11702	10465	10509	11223	11645	11654	11484	10989	5407	3647	3645	3645	10517	10530	11142	11736	11517	11670	10949	5350	3642	3583	3634	11974	11223	10380	10427	10426	10118	5280	3532	3614	3559	11145	10484	10413	10397	10079	5173	3520	3688	3530	11260	11194	11185	10508	5332	3591	3625	3609	11611	11637	10981	5252	3580	3551	3584	11613	10948	5277	3641	3639	3643	11213	5391	3597	3706	3630	5493	4034	3893	3916	3333	3331	3313	4151	4046	7445
12868	12730	12790	11593	11468	12338	12636	12695	12694	12043	6214	4271	4241	4244	12855	12845	11545	11386	12311	12753	12685	12685	11963	6447	4278	4276	4178	12974	11535	11521	12233	12925	12892	12711	12070	6316	4259	4322	4198	11477	11520	12446	12918	12882	12822	12081	6264	4357	4336	4248	13193	12266	11545	11569	11431	10973	6005	4240	4230	4189	12340	11396	11533	11353	10920	6061	4199	4244	4159	12182	12276	12301	11702	6205	4315	4201	4183	12869	12877	12002	6367	4238	4341	4191	12777	12142	6385	4300	4350	4241	12338	6446	4373	4392	4310	6277	4818	4605	4612	3971	3974	3970	4872	4937	8455
12674	12445	12353	11085	11007	11851	12295	12376	12137	11376	5651	3920	3991	3908	12506	12365	11029	11003	11805	12290	12336	12254	11534	5542	3894	3881	3937	12562	11043	10958	11905	12386	12509	12444	11606	5636	3786	3855	3860	10977	10974	11964	12458	12525	12383	11656	5617	3854	3868	3874	13002	11998	10890	10995	10944	10407	5469	3866	3862	3857	11883	10859	10946	10869	10542	5499	3900	3798	3882	11734	11847	11744	11108	5584	3852	3873	3850	12556	12476	11503	5703	3818	3880	3878	12472	11582	5683	3929	3937	3880	11598	5704	3974	3952	4007	5563	4432	4265	4263	3625	3737	3657	4598	4550	8234
12553	11945	11814	9989	10078	11074	11488	11674	11360	10119	7099	5172	5001	5047	11911	11909	9969	9966	10961	11605	11577	11397	10125	7187	4966	5000	5066	12230	10042	10027	11238	12241	11922	11707	10324	7200	5104	5010	5168	10094	10094	11331	12194	12006	11724	10374	7376	5167	4962	5075	13258	11441	10070	9997	9843	9126	6663	4918	4843	4887	11556	10107	9907	9733	9045	6640	4940	4828	4985	11176	11022	10845	9767	7096	4929	4989	5029	12040	11944	10570	7332	5177	5093	5103	12038	10722	7514	5208	5211	5238	11051	7476	5477	5409	5492	7121	6771	5850	5981	4917	4774	4872	5865	5858	10069
16737	14884	14378	13459	13436	13947	13899	13695	13469	13062	6568	5032	4990	5004	14819	14418	13452	13367	13939	13798	13619	13404	12959	6617	5061	5012	5043	14925	13619	13568	14145	14182	13900	13629	13170	6823	5069	5132	5119	13756	13849	14483	14474	14118	13933	13326	7009	5271	5268	5336	18533	15402	13670	13495	13301	12922	6458	4982	5024	4944	15459	13714	13515	13321	12971	6420	5076	5025	4991	14346	13990	13774	13280	6969	5175	5384	5342	14408	14153	13405	7236	5393	5372	5437	14798	13891	7408	5752	5862	5787	14347	7170	6367	6313	6274	6507	8804	6476	6508	5585	5446	5544	6497	6580	11377
15424	13853	13422	12693	12716	13152	12891	12930	12898	12397	4772	3576	3551	3506	13904	13524	12708	12712	13087	12819	12896	12821	12356	4719	3618	3599	3565	13991	12703	12718	13203	13316	13073	12947	12335	4663	3585	3488	3539	12869	12775	13351	13488	13399	13095	12401	4789	3610	3597	3535	17219	14527	12585	12698	12642	12368	4872	3672	3675	3678	14464	12551	12646	12661	12405	4860	3644	3679	3664	13048	12980	13020	12617	5090	3834	3858	3809	13419	13033	12432	4802	3510	3508	3477	13893	12949	5022	3858	3979	3907	13479	5055	4461	4458	4400	4735	6412	4704	4696	4135	4149	4128	5152	5108	9157
17638	15816	15400	14241	14249	14786	14705	14503	14299	13776	8044	6264	6227	6151	15820	15347	14293	14258	14855	14694	14396	14320	13792	8004	6258	6154	6072	15825	14401	14445	14959	15050	14735	14515	13864	8178	6256	6242	6203	14621	14716	15277	15362	14901	14731	14021	8386	6387	6313	6343	19265	16364	14565	14314	14152	13630	8000	6130	6152	6152	16342	14487	14392	14200	13625	8031	6159	6193	6132	15117	14907	14709	14036	8565	6378	6405	6448	15285	14934	14212	8614	6477	6492	6385	15811	14539	9036	7125	7029	6914	15281	8656	7599	7537	7383	7961	10213	7712	7615	6619	6504	6564	7939	7832	13106
17107	15275	14805	13848	13848	14325	13981	13990	13815	13407	6855	5297	5336	5458	15284	14783	13853	13832	14360	13939	14028	13900	13416	6868	5312	5309	5461	15370	13742	13749	14379	14375	14382	14094	13432	6886	5188	5270	5328	13937	13979	14534	14780	14629	14228	13510	6930	5267	5279	5383	18908	15997	13652	13648	13597	13382	7033	5416	5453	5505	15954	13539	13741	13660	13308	6973	5411	5393	5468	14133	14207	14221	13672	7503	5749	5601	5797	14744	14132	13431	6942	5262	5283	5254	15223	13972	7311	5731	5874	5894	14812	7306	6363	6383	6522	6853	9089	6739	6711	5930	6076	5988	7316	7318	12387
15611	13808	13460	12347	12426	12880	12716	12507	12457	11993	6032	4722	4790	4767	13793	13407	12381	12446	12826	12731	12528	12385	11989	6178	4737	4795	4949	13926	12531	12586	13097	13115	12709	12628	11965	6309	4832	4918	4922	12700	12817	13311	13429	13118	12734	12151	6426	4919	5050	4970	17386	14401	12514	12489	12249	11960	6118	4776	4852	4805	14307	12533	12386	12391	11854	6163	4746	4840	4768	13106	12953	12737	12199	6629	5005	5058	5091	13321	13020	12295	6640	5069	4953	4965	13906	12754	6891	5444	5535	5609	13231	6813	5953	6027	6022	6011	8506	6266	6121	5225	5313	5315	6382	6311	10843
16080	13949	13384	12196	12140	12722	12597	12404	12109	11590	7827	6150	6155	6106	13861	13478	12164	12145	12762	12644	12376	12110	11535	7801	6199	6163	6129	14048	12353	12348	12984	12985	12603	12454	11664	8053	6265	6274	6268	12741	12607	13357	13533	12941	12676	11807	8405	6365	6464	6477	18044	14623	12551	12230	12136	11500	7857	6105	6090	6215	14654	12610	12283	12128	11559	7864	6196	6132	6251	13277	12914	12619	11952	8465	6481	6486	6504	13464	12883	12029	8485	6607	6525	6541	13993	12637	8959	7181	7175	7182	13376	8629	7805	7877	7990	7705	11049	8008	7967	6962	6850	6977	8132	8046	13413
13446	13307	13039	11505	11500	12456	12990	12949	12858	12133	5892	3926	4075	4051	13080	13148	11557	11594	12485	12982	13130	12953	12208	5880	4014	4066	4014	13280	11533	11368	12517	13273	13196	13272	12166	5901	4010	4094	4049	11557	11596	12519	13236	13168	13088	12282	5918	4012	4078	4067	13762	12559	11588	11525	11502	10983	5840	3940	4022	4085	12613	11497	11535	11347	10890	5882	3956	4022	3977	12387	12270	12381	11612	5864	3948	4084	4010	13306	13199	12193	5969	4005	4056	4002	13193	12211	6027	4050	4162	4096	12557	6022	4158	4221	4088	5926	4627	4424	4407	3763	3810	3848	4569	4727	8542
12999	11053	10767	9857	9934	10217	10269	10052	9910	9469	4415	3441	3353	3357	11045	10746	9849	9896	10312	10358	10099	9887	9456	4556	3342	3294	3393	11079	10026	10134	10505	10435	10319	10062	9630	4652	3537	3415	3409	10227	10265	10778	10764	10347	10199	9773	4858	3619	3522	3543	14423	11477	10159	9989	9863	9544	4415	3444	3359	3360	11443	10225	10008	9823	9386	4382	3446	3293	3323	10785	10289	10228	9733	4767	3588	3569	3567	10713	10448	9821	4993	3657	3654	3663	11102	10230	5208	4022	4107	4013	10606	4986	4466	4458	4272	4290	6512	4489	4517	3791	3686	3746	4532	4615	8146
14350	11910	11451	10368	10273	10785	10803	10516	10416	9891	5604	4427	4431	4364	11914	11414	10326	10267	10971	10773	10454	10282	9928	5625	4443	4406	4517	11966	10534	10559	11145	11050	10697	10697	10074	5809	4568	4553	4552	10866	10783	11454	11474	11031	10877	10264	6060	4755	4636	4592	16163	12420	10650	10490	10292	9772	5548	4465	4347	4310	12404	10689	10463	10315	9919	5528	4416	4369	4355	11333	10998	10667	10156	6158	4725	4699	4644	11396	11070	10379	6302	4860	4789	4758	11855	10885	6565	5294	5245	5328	11367	6285	5896	5740	5737	5514	8546	5952	5885	4878	4934	4861	5909	5786	10216
15223	13287	12869	11798	11817	12245	12282	12045	11828	11374	5938	4592	4614	4523	13257	12897	11840	11847	12301	12264	12043	11885	11388	5991	4619	4530	4580	13399	12028	12105	12569	12647	12261	12017	11496	6171	4697	4605	4524	12274	12230	12775	12843	12442	12207	11655	6306	4806	4751	4739	17190	13730	12105	11886	11717	11297	5789	4470	4473	4540	13831	12065	11864	11621	11305	5911	4506	4508	4518	12774	12300	12063	11671	6421	4815	4685	4755	12828	12615	11847	6663	4990	4905	4841	13350	12135	6862	5387	5350	5364	12685	6492	5944	5822	5862	5866	8421	5938	5859	4966	4927	4985	6079	5991	10446
16574	14702	14119	12981	12946	13478	13507	13261	12907	12428	7771	6034	6068	6126	14584	14159	12961	12854	13466	13501	13200	12893	12305	7817	6015	6015	6133	14605	13220	13114	13779	13823	13419	13099	12502	8030	6124	6203	6231	13350	13418	14055	14084	13726	13369	12647	8246	6246	6313	6336	18331	15081	13292	13015	12821	12277	7644	6018	6035	6130	15072	13363	13054	12809	12337	7674	6053	6071	6088	14040	13435	13250	12650	8262	6222	6321	6353	14019	13628	12923	8680	6403	6485	6563	14624	13411	8847	6969	7162	7105	14001	8448	7510	7659	7610	7580	10324	7704	7786	6529	6628	6598	7852	7827	12813
12504	12076	11966	10228	10226	11375	11669	11818	11675	10668	5819	4248	4057	4079	12049	11983	10194	10285	11150	11718	11846	11720	10581	5806	4158	4135	4076	12345	10156	10035	11200	12175	12095	12063	10822	5744	4210	4055	4065	10208	10077	11105	12249	12275	11937	10686	5654	4173	4027	4101	12942	11527	9876	10024	10101	9629	5775	4237	4198	4171	11532	9835	9911	10027	9592	5662	4185	4107	4103	11029	11059	11052	10504	5962	4291	4187	4200	12379	12009	10649	5566	4086	3998	4010	12260	11004	5769	4150	4113	4066	11380	5912	4305	4186	4275	5895	5205	4757	4648	4295	4251	4323	5267	5196	9190
15269	13158	12680	11689	11737	12195	12196	11883	11647	11266	5457	4221	4173	4136	13095	12640	11625	11633	12117	12148	11867	11763	11244	5434	4218	4221	4097	13135	11945	11966	12405	12360	12129	11851	11316	5704	4252	4295	4222	12045	12071	12572	12734	12359	12100	11547	5907	4472	4422	4412	17044	13520	12034	11780	11648	11214	5315	4231	4133	4174	13562	11984	11765	11607	11211	5361	4288	4149	4207	12624	12242	12029	11451	5840	4448	4333	4411	12625	12317	11740	6141	4637	4574	4571	13093	12099	6301	4999	5049	4978	12618	6085	5575	5482	5497	5368	7980	5452	5544	4637	4470	4555	5619	5531	9878
12200	12102	11902	10858	10920	11460	12084	11942	11900	11286	5742	3811	3773	3813	12208	11935	10877	10863	11560	12031	11989	11951	11239	5649	3811	3744	3888	12065	10908	11008	11520	12198	12179	12057	11305	5700	3791	3795	3808	10748	10887	11584	12142	12146	11956	11338	5619	3873	3771	3830	12280	11551	10878	10748	10868	10428	5573	3824	3765	3736	11545	10879	10781	10836	10551	5558	3777	3783	3786	11525	11535	11477	10919	5695	3800	3811	3772	12120	12021	11430	5563	3894	3765	3809	12049	11439	5681	3878	3806	3784	11543	5732	3930	3959	3898	5708	4244	4095	4122	3589	3564	3568	4410	4385	7856
11442	9711	9350	8340	8304	8782	8673	8474	8314	7903	4993	4003	4011	3955	9739	9320	8295	8286	8796	8673	8447	8212	7809	5094	3944	3974	3960	9732	8540	8412	9044	8882	8653	8467	7870	5241	3944	4014	3974	8609	8594	9248	9332	8959	8842	8063	5401	4126	4175	4114	13391	10289	8469	8306	8208	7766	5034	3960	3870	3892	10296	8438	8354	8239	7772	4975	3900	3869	3868	9079	8839	8629	8012	5471	4141	4181	4199	9191	8922	8158	5633	4228	4242	4202	9696	8676	5890	4740	4825	4727	9219	5635	5183	5222	5167	5076	8000	5518	5369	4490	4437	4461	5492	5561	9463
14558	12485	12144	11228	11306	11664	11672	11523	11129	10789	5670	4284	4390	4271	12556	12144	11295	11259	11577	11597	11496	11215	10810	5614	4319	4288	4224	12692	11448	11411	11993	12016	11718	11450	10944	5865	4385	4434	4325	11609	11570	12189	12179	11832	11510	11006	6044	4500	4487	4489	16036	12975	11553	11317	11168	10717	5495	4215	4302	4266	12970	11540	11401	11163	10689	5487	4243	4255	4199	12062	11691	11533	10969	5945	4431	4519	4421	12108	11924	11152	6228	4654	4611	4618	12579	11576	6443	5037	5052	4977	12045	6152	5562	5368	5430	5454	7780	5516	5504	4605	4572	4626	5554	5631	9791
12616	12595	12454	11388	11348	12120	12399	12466	12344	11760	5668	3785	3775	3800	12506	12595	11257	11309	12211	12436	12454	12426	11811	5658	3731	3832	3766	12774	11314	11230	12070	12570	12510	12530	11784	5622	3771	3779	3760	11346	11298	12069	12482	12699	12582	11845	5676	3743	3850	3766	12893	12216	11278	11185	11242	10911	5526	3761	3858	3826	12016	11188	11102	11221	10803	5492	3741	3869	3756	11934	12124	11969	11519	5593	3821	3771	3806	12516	12551	11716	5627	3722	3828	3717	12731	11857	5642	3834	3807	3737	12147	5564	3816	3912	3821	5638	4208	4086	4002	3513	3478	3580	4390	4366	8126
17280	15074	14673	13525	13502	14091	13655	13673	13640	12929	7858	6371	6263	6179	15107	14681	13520	13540	14090	13547	13707	13703	12987	7904	6430	6326	6216	15383	13378	13476	14131	14318	14094	13805	12930	7831	6219	6166	6217	13598	13553	14287	14521	14400	14045	13016	7944	6357	6273	6238	19347	16019	13108	13234	13379	13013	8144	6642	6548	6493	16090	13220	13263	13315	12941	8194	6502	6568	6503	13777	13797	13889	13346	8712	6847	6819	6777	14353	13989	12947	7694	6098	6180	6141	15275	13634	8398	6832	6815	6738	14560	8477	7662	7555	7481	7995	10697	8113	8110	7135	7222	7214	8763	8714	13923
12624	12333	12295	10753	10760	11790	12127	12103	11987	10997	6558	4463	4446	4526	12179	12248	10683	10818	11695	12079	12137	11889	11118	6541	4479	4566	4534	12616	10674	10809	11787	12391	12393	12264	11272	6580	4515	4559	4564	10712	10855	11721	12627	12426	12338	11396	6570	4552	4547	4569	13080	11806	10732	10643	10634	9915	6227	4328	4441	4417	11730	10692	10693	10705	9924	6203	4400	4464	4375	11705	11678	11630	10798	6389	4531	4609	4441	12457	12265	11167	6672	4452	4521	4500	12426	11483	6631	4503	4579	4551	11722	6594	4677	4722	4685	6466	5384	5056	5120	4131	4197	4231	5283	5178	9051
13972	12255	11806	10960	10944	11434	11014	11116	11025	10610	4956	3946	3846	3898	12233	11864	10964	10984	11484	11102	11051	11069	10626	5035	3939	3814	3900	12339	10934	10933	11438	11510	11401	11079	10496	4883	3833	3778	3821	11100	11019	11681	11915	11750	11249	10628	5076	3921	3877	3861	15935	12984	10757	10751	10743	10430	5016	3931	3920	4030	13038	10755	10824	10829	10502	5030	4029	3978	3999	11317	11247	11292	10866	5457	4150	4106	4079	11670	11228	10556	5004	3945	3850	3861	12245	11130	5340	4360	4361	4384	11675	5397	4849	4887	4834	5015	7183	5148	5091	4537	4581	4617	5566	5563	9765
15430	13225	12688	11145	11169	11947	11723	11527	11062	10507	8005	6327	6484	6432	13216	12559	11119	11111	11897	11627	11580	11123	10465	8024	6389	6541	6467	13335	11462	11430	12225	12168	11841	11435	10671	8281	6501	6630	6656	11749	11724	12599	12447	12116	11624	10775	8608	6742	6649	6713	17781	14077	11556	11251	10983	10411	7945	6461	6431	6342	13984	11597	11238	10992	10445	7954	6386	6449	6553	12327	11921	11653	10919	8694	6779	6854	6693	12590	12023	11070	8967	6881	6857	6745	13259	11764	9344	7490	7595	7641	12573	8805	8366	8346	8360	7864	12032	8579	8479	7219	7257	7251	8714	8700	14374
18701	16444	15983	14984	15030	15450	15438	15214	15046	14422	7682	5972	6058	6125	16455	16006	14896	14943	15389	15468	15200	15005	14449	7730	6015	6005	6081	16628	15142	15170	15677	15758	15427	15095	14653	7843	6197	6212	6164	15292	15297	16052	16082	15687	15372	14732	8143	6293	6210	6311	20329	16894	15210	15129	14850	14425	7651	6028	5994	6157	16952	15311	15088	14852	14345	7671	6029	6039	6132	15968	15625	15350	14727	8172	6342	6294	6399	16029	15719	14937	8431	6455	6419	6466	16573	15396	8737	6914	6892	6907	15964	8348	7491	7373	7444	7662	10093	7525	7614	6355	6319	6413	7756	7751	12777
13326	12955	12989	11508	11616	12319	12853	12858	12746	11912	6603	4579	4581	4558	13039	12924	11560	11483	12346	12991	12860	12751	11962	6517	4597	4638	4579	13050	11569	11521	12332	13192	13106	13091	12084	6693	4666	4623	4653	11409	11466	12305	13023	13155	13015	12088	6755	4641	4571	4517	13564	12487	11526	11411	11443	10950	6380	4506	4399	4460	12616	11537	11498	11442	10888	6380	4428	4397	4510	12381	12410	12234	11590	6527	4538	4563	4538	13110	13082	12233	6692	4682	4593	4544	13057	12062	6705	4664	4572	4654	12460	6751	4821	4711	4754	6652	5263	5021	4944	4330	4219	4253	5078	5243	9071
13036	12889	12735	11151	11082	12056	12611	12711	12464	11627	6751	4586	4511	4654	12733	12793	11130	11144	12120	12705	12522	12573	11519	6761	4547	4547	4692	13036	11114	11144	12091	13135	12868	12886	11774	6868	4636	4649	4644	11224	11205	12250	13163	13042	12778	11708	6800	4596	4583	4677	13676	12282	11161	11079	10962	10353	6402	4473	4472	4535	12245	11161	10998	10983	10385	6438	4505	4458	4548	12200	12184	11960	11053	6707	4525	4558	4615	12837	12855	11833	6806	4631	4592	4619	12999	12007	6928	4613	4583	4710	12100	6858	4772	4753	4848	6817	5493	5199	5160	4258	4273	4298	5208	5235	9265
14108	13918	14000	12625	12636	13436	13819	13868	13868	13132	6916	4748	4768	4816	13927	13806	12622	12816	13469	13809	13888	13794	12966	6900	4801	4762	4681	14165	12584	12648	13525	14037	14049	14058	13305	6979	4791	4827	4714	12739	12644	13528	14157	14053	14074	13266	7007	4813	4726	4682	14394	13483	12571	12737	12567	12181	6733	4709	4692	4599	13514	12694	12746	12644	12146	6762	4726	4714	4691	13512	13387	13400	12711	6852	4724	4727	4708	13967	14047	13215	6947	4680	4734	4770	14004	13374	6967	4820	4791	4822	13520	7024	4867	4875	4859	6892	5361	5159	5128	4350	4440	4438	5356	5339	9401
18161	15724	15352	14328	14302	14739	14682	14512	14276	13802	6561	5051	4986	4965	15682	15335	14297	14290	14839	14751	14438	14288	13896	6424	4982	4947	4832	15823	14544	14559	15126	15018	14751	14573	14062	6772	5188	5171	5094	14740	14642	15379	15368	14904	14689	14088	7009	5248	5225	5184	19926	16295	14631	14447	14285	13714	6395	4852	4927	4897	16189	14560	14304	14130	13740	6338	4795	4925	4910	15246	14981	14603	14062	6940	5180	5243	5197	15303	14853	14305	7233	5385	5341	5320	15850	14698	7484	5806	5846	5869	15352	7039	6145	6231	6161	6349	8778	6406	6375	5355	5391	5326	6508	6507	11155
13496	12985	13199	11504	11413	12471	13005	12907	13029	12224	5576	3983	3947	3904	13219	13051	11379	11420	12304	12954	12925	12989	12077	5524	3975	3946	3967	13372	11332	11385	12164	13333	13219	13135	12112	5533	4032	3951	3949	11350	11299	12312	13303	13256	13231	12129	5491	3919	3866	3886	13659	12656	11036	11198	11384	11059	5579	4013	3992	3977	12531	11159	11262	11347	11085	5556	4015	3984	4012	12230	12234	12352	11775	5621	4022	4040	4056	13237	13223	12082	5398	3950	3890	3938	13297	12297	5454	4009	3935	3995	12584	5576	4066	4110	4103	5636	4569	4341	4389	4060	4165	4111	5012	5002	9155
18071	15509	15048	13842	13836	14286	14332	13975	13784	13296	7186	5621	5582	5608	15411	15030	13805	13734	14292	14379	14007	13813	13304	7145	5567	5574	5599	15644	14024	14051	14634	14557	14254	13972	13491	7364	5836	5738	5749	14281	14217	15037	15036	14435	14236	13556	7680	5910	5954	5920	19886	15915	14225	13874	13738	13209	7026	5513	5407	5534	15933	14269	13891	13728	13194	7067	5552	5480	5597	14815	14418	14162	13495	7564	5825	5822	5873	14927	14506	13744	8105	5999	5868	6065	15342	14248	8221	6603	6357	6554	14894	7978	7124	7067	7099	7047	9940	7139	7225	6191	6030	6030	7214	7188	12280
16308	14090	13438	12441	12488	12928	12524	12528	12312	11776	7177	5603	5544	5516	14049	13488	12313	12344	12917	12700	12642	12429	11898	7111	5591	5631	5617	14111	12390	12502	13070	13024	12834	12576	11906	7228	5591	5650	5655	12589	12600	13328	13407	13034	12782	11996	7505	5711	5680	5661	18388	14886	12383	12308	12252	11727	7306	5651	5743	5688	14959	12407	12394	12236	11672	7252	5654	5641	5722	12981	12777	12751	12099	7839	5875	5964	5985	13368	12905	12036	7525	5755	5789	5677	14140	12796	8048	6281	6425	6350	13399	7808	7110	7186	7180	6915	10263	7421	7460	6367	6429	6481	7718	7773	12980
14050	13736	13659	12111	11943	12925	13465	13349	13320	12327	7416	5216	5323	5289	13800	13613	11974	12077	12983	13427	13455	13319	12322	7487	5261	5260	5343	13865	12067	11989	13042	13720	13674	13606	12612	7596	5315	5289	5313	12058	11969	13051	13788	13756	13734	12519	7560	5312	5271	5298	14429	13036	11752	11950	11921	11397	7250	5228	5316	5201	13041	11988	11875	11919	11189	7290	5146	5241	5124	12862	12896	12867	12011	7416	5230	5266	5345	13749	13682	12680	7569	5297	5389	5380	13768	12679	7575	5404	5404	5464	13045	7654	5507	5548	5590	7512	6262	5866	5889	4901	4888	4938	5975	5960	10317
14456	12223	11616	10304	10298	10981	10854	10557	10330	9635	7450	6064	6211	6096	12267	11651	10267	10247	10938	10903	10553	10191	9566	7543	6162	6071	6082	12073	10590	10542	11308	11192	10859	10532	9711	7739	6307	6229	6186	10736	10734	11529	11628	11050	10738	9889	8093	6358	6411	6371	16565	12862	10556	10256	10180	9490	7256	6046	6047	6068	12757	10568	10346	10123	9415	7341	6033	6202	6034	11426	10936	10589	9881	8018	6394	6412	6438	11465	11012	10058	8364	6566	6543	6598	12049	10696	8725	7185	7229	7200	11534	8289	7958	7928	7883	7279	11385	8104	8070	6760	6801	6828	8207	8204	13300
16756	14496	14014	12807	12854	13324	13417	13033	12795	12278	7278	5572	5536	5654	14412	13984	12829	12900	13358	13231	12965	12852	12182	7222	5563	5558	5562	14570	13059	12995	13648	13664	13357	13011	12413	7446	5680	5772	5656	13340	13263	13999	13988	13583	13309	12595	7665	5823	5938	5881	18538	15003	13248	12892	12743	12270	7089	5565	5571	5570	14936	13215	12870	12770	12244	7169	5559	5554	5489	13787	13396	13253	12553	7701	5811	5814	5783	13919	13454	12756	7996	5863	6048	5961	14477	13200	8204	6462	6535	6442	13808	7795	7029	7117	6906	7065	9819	7152	7152	6014	5963	5998	7172	7214	12122
12522	10818	10352	9369	9353	9788	9551	9517	9327	8869	5611	4279	4335	4336	10691	10265	9457	9369	9805	9594	9530	9336	8863	5512	4399	4306	4324	10887	9302	9375	9844	9973	9811	9571	9013	5516	4340	4347	4377	9451	9531	10042	10237	10034	9767	8986	5722	4403	4355	4428	14295	11341	9226	9296	9176	8865	5609	4383	4515	4499	11400	9285	9378	9261	8818	5680	4313	4459	4537	9763	9830	9727	9142	6118	4692	4761	4760	10246	9760	8969	5637	4359	4331	4378	10828	9601	6102	4972	4960	4970	10256	5969	5568	5547	5529	5423	8083	5737	5991	4990	5102	5024	6134	6219	10323
12856	10654	10034	8879	8840	9530	9422	9137	8881	8368	5595	4493	4545	4509	10560	10104	8886	8942	9366	9348	9111	8838	8331	5707	4458	4501	4497	10625	9123	9084	9801	9626	9325	9003	8526	5862	4566	4703	4701	9255	9371	10100	10090	9661	9281	8658	6134	4719	4709	4683	15021	11107	9212	8926	8777	8218	5490	4397	4511	4361	11062	9326	8859	8817	8275	5547	4399	4459	4347	9964	9573	9150	8556	6051	4737	4796	4698	9905	9592	8700	6477	4905	4868	4948	10516	9315	6667	5326	5460	5340	9901	6290	5992	5992	6041	5500	9014	6049	6009	4994	5047	5020	5987	6229	10531
14532	14478	14491	13446	13381	14132	14514	14380	14411	13946	6869	4740	4683	4677	14466	14428	13485	13363	14086	14418	14388	14425	13964	6971	4674	4666	4662	14574	13483	13445	14196	14549	14463	14421	13984	6964	4732	4650	4656	13508	13430	14074	14536	14612	14615	13967	6859	4756	4625	4665	14703	14099	13398	13524	13324	12904	6695	4677	4633	4575	14028	13378	13341	13363	13052	6726	4685	4579	4569	14114	14083	14093	13620	6784	4667	4571	4609	14646	14641	14062	6950	4788	4635	4669	14477	13941	6791	4708	4681	4658	14141	6932	4721	4683	4739	6913	5084	4874	4857	4342	4260	4286	5259	5215	9091
18215	16259	15920	14747	14674	15302	15050	14900	14730	14216	8978	7146	7123	7075	16370	15959	14777	14750	15328	14974	14957	14712	14231	8994	7160	7106	7104	16498	14813	14772	15260	15530	15238	14827	14206	9053	7082	7098	7065	14981	14952	15744	15736	15414	15109	14293	9190	7157	7235	7136	20091	17119	14548	14566	14493	14054	9094	7170	7163	7156	17086	14639	14635	14520	14049	9111	7085	7173	7160	15218	15180	14995	14480	9604	7447	7446	7348	15712	15206	14349	9185	7096	7121	7017	16329	15042	9664	7790	7795	7755	15853	9581	8587	8631	8483	8838	11522	8912	8852	7668	7793	7855	9441	9374	14792
16819	14987	14655	13739	13816	14207	14091	13927	13739	13338	5439	4109	4085	4105	14996	14545	13767	13843	14186	14056	13926	13719	13392	5465	4158	4074	4169	15080	13907	13916	14500	14352	14087	13886	13501	5596	4281	4177	4173	14116	14000	14785	14653	14300	14123	13638	5785	4252	4340	4338	18165	15400	14004	13846	13708	13361	5419	4107	4140	4007	15418	13952	13835	13673	13375	5452	4059	4130	4115	14517	14274	14100	13572	5896	4311	4345	4364	14581	14216	13649	5930	4255	4355	4327	15083	14083	6187	4708	4814	4762	14562	5973	5150	5184	5233	5399	7344	5228	5238	4389	4456	4523	5452	5510	9685
16523	14230	13735	12683	12711	13219	13214	12986	12778	12129	6375	4929	4941	4876	14392	13903	12744	12745	13235	13078	12973	12651	12129	6361	4951	4961	4940	14395	12919	12928	13589	13490	13275	12961	12312	6609	5078	4983	4990	13029	13105	13827	13837	13393	13170	12505	6931	5206	5201	5122	18590	14982	13046	12714	12586	12102	6277	4906	4986	4887	14997	13001	12846	12670	12119	6386	4989	4849	4936	13641	13276	13118	12477	6868	5211	5181	5244	13712	13487	12698	7065	5325	5306	5276	14273	13216	7433	5885	5808	5741	13810	7128	6446	6420	6282	6250	9466	6537	6533	5455	5489	5507	6684	6669	11510
13888	13769	13808	12009	12135	13092	13553	13475	13507	12544	6940	4803	4799	4793	13792	13664	12127	12024	12946	13580	13379	13351	12620	6942	4747	4815	4835	13876	12068	12124	13165	13816	13890	13641	12749	6997	4676	4724	4739	12059	12057	13177	13833	13747	13701	12795	7048	4790	4791	4734	14362	13057	12065	12106	11940	11460	6702	4616	4589	4756	13105	12080	12043	11966	11500	6567	4641	4673	4720	13060	13146	12989	12283	6856	4688	4797	4743	13825	13700	12762	7045	4808	4791	4850	13761	12860	7075	4823	4858	4889	13068	7085	4914	4948	4972	6973	5554	5154	5274	4490	4387	4475	5323	5338	9625
17469	15233	14797	13596	13586	14066	14167	13806	13554	12944	7937	6142	6175	6043	15270	14823	13603	13610	14203	14125	13704	13502	12827	8053	6125	6258	6204	15388	13824	13779	14407	14438	14018	13759	13141	8281	6266	6308	6315	14014	14013	14733	14789	14297	14030	13252	8563	6445	6381	6364	19255	15679	13912	13596	13560	12933	7760	6109	6162	6041	15762	13968	13621	13539	12960	7773	6080	6076	6062	14636	14138	13913	13310	8396	6459	6425	6452	14769	14241	13460	8830	6500	6584	6561	15196	14071	8965	7100	7070	7205	14533	8690	7688	7622	7710	7803	10617	7647	7670	6728	6595	6660	8060	8045	12921
14176	12123	11474	10014	10058	10766	10645	10329	10049	9379	7810	6344	6300	6264	12140	11583	10019	10041	10725	10542	10356	10050	9417	7817	6268	6196	6334	12193	10377	10323	10972	10964	10579	10283	9618	7992	6442	6352	6358	10535	10576	11394	11364	11087	10561	9807	8366	6541	6603	6449	16427	12849	10295	10029	9930	9268	7782	6231	6250	6315	12728	10304	10125	9991	9312	7755	6234	6223	6259	11045	10800	10519	9664	8453	6647	6640	6545	11353	10934	9892	8575	6606	6668	6620	12164	10619	8981	7385	7389	7380	11412	8647	8088	8017	8099	7576	11629	8407	8330	7046	7054	7077	8421	8399	13656
