1-2	1-3	1-4	1-5	1-6	1-7	1-8	1-9	1-10	1-11	1-12	1-13	1-14	1-15	2-3	2-4	2-5	2-6	2-7	2-8	2-9	2-10	2-11	2-12	2-13	2-14	2-15	3-4	3-5	3-6	3-7	3-8	3-9	3-10	3-11	3-12	3-13	3-14	3-15	4-5	4-6	4-7	4-8	4-9	4-10	4-11	4-12	4-13	4-14	4-15	5-6	5-7	5-8	5-9	5-10	5-11	5-12	5-13	5-14	5-15	6-7	6-8	6-9	6-10	6-11	6-12	6-13	6-14	6-15	7-8	7-9	7-10	7-11	7-12	7-13	7-14	7-15	8-9	8-10	8-11	8-12	8-13	8-14	8-15	9-10	9-11	9-12	9-13	9-14	9-15	10-11	10-12	10-13	10-14	10-15	11-12	11-13	11-14	11-15	12-13	12-14	12-15	13-14	13-15	14-15
13532	11203	10797	9883	9889	10231	10366	10089	9784	9401	4982	3824	3866	3829	11270	10822	9930	9937	10359	10230	10083	9880	9485	5017	3811	3927	3830	11287	10024	10048	10640	10559	10329	9963	9517	5281	3867	3908	3858	10196	10281	10881	10844	10467	10268	9720	5454	4042	4083	4064	15124	11735	10154	9922	9809	9366	4956	3750	3817	3767	11784	10176	9964	9725	9338	4956	3823	3842	3769	10728	10461	10142	9644	5375	4061	4026	3992	10814	10393	9867	5730	4186	4227	4197	11208	10146	5948	4481	4551	4635	10620	5659	5111	5038	5085	4844	7599	5209	5155	4221	4265	4277	5244	5260	9044
13925	13569	13532	11747	11761	12796	13340	13355	13225	12181	7603	5310	5297	5313	13734	13570	11712	11683	12691	13366	13281	13117	12205	7637	5211	5233	5198	13864	11824	11772	12905	13778	13725	13608	12420	7704	5334	5305	5229	11807	11907	12866	13753	13735	13558	12469	7700	5347	5328	5325	14479	13034	11855	11701	11618	11045	7146	5133	5151	5104	13028	11772	11732	11522	10941	7204	5139	5029	5072	12923	12927	12743	11829	7444	5293	5214	5206	13750	13659	12382	7683	5291	5299	5334	13721	12619	7757	5326	5418	5347	13075	7834	5472	5545	5500	7570	6432	5880	5826	4837	4934	4942	6053	6123	10448
14423	12537	12145	10876	10913	11474	11327	11070	10890	10327	6772	5293	5414	5339	12495	12061	10880	10818	11463	11382	11085	10880	10386	6777	5290	5321	5284	12600	11083	11118	11721	11659	11349	11146	10487	7009	5474	5354	5355	11276	11338	12045	11948	11616	11269	10525	7250	5499	5540	5563	16198	13037	11139	10937	10782	10284	6739	5197	5317	5317	13093	11146	10914	10752	10321	6769	5318	5284	5305	11885	11568	11282	10635	7214	5565	5533	5602	12024	11520	10722	7368	5559	5597	5719	12486	11318	7744	6174	6144	6161	11905	7386	6797	6753	6792	6569	9682	6913	6956	5999	5870	5941	7149	7075	11784
16169	14394	14042	13075	13097	13510	13368	13113	13030	12619	6050	4833	4885	4924	14382	13973	12999	12903	13425	13280	13148	12984	12479	6092	4873	4724	4962	14490	13014	13107	13513	13716	13456	13126	12580	6084	4826	4787	4817	13261	13305	13791	13943	13595	13406	12678	6335	4941	4846	4916	18146	14957	13093	12932	12873	12493	6292	4862	4775	4854	15068	13086	12908	12948	12414	6305	4954	4825	4890	13573	13363	13255	12788	6746	5227	5085	5217	13890	13489	12790	6328	5045	4829	4943	14427	13338	6771	5455	5461	5490	13949	6737	6093	6025	6076	6132	8608	6271	6285	5428	5473	5421	6548	6616	11219
15026	13154	12929	12109	12066	12477	12493	12226	12103	11755	4493	3332	3385	3288	13156	12872	12054	12100	12433	12396	12181	12133	11798	4504	3314	3353	3322	13195	12261	12191	12632	12627	12365	12319	11803	4550	3340	3413	3426	12368	12356	12888	12986	12547	12472	11938	4784	3450	3536	3428	16538	13510	12326	12178	12017	11687	4416	3246	3310	3265	13491	12302	12248	12053	11682	4407	3246	3306	3315	12768	12508	12340	11978	4817	3443	3565	3489	12861	12552	12050	5024	3604	3570	3551	13262	12341	5174	3843	3922	3866	12743	4882	4213	4200	4082	4434	6046	4341	4243	3501	3553	3589	4403	4332	7884
13557	13529	13431	11993	11971	12902	13310	13336	13325	12344	7008	4795	4833	4789	13550	13324	11864	11955	12782	13233	13326	13135	12288	6987	4861	4831	4799	13576	11902	11838	12929	13513	13651	13307	12548	6965	4827	4796	4799	12019	11928	12853	13502	13655	13534	12614	6935	4869	4786	4813	14030	12823	11776	11940	11823	11252	6733	4735	4673	4697	12906	11829	11882	11827	11383	6798	4833	4748	4738	12848	12747	12741	12007	6846	4850	4773	4836	13437	13332	12625	7047	4835	4879	4859	13451	12715	7019	4861	4851	4880	12856	7127	5024	5059	4973	7010	5620	5281	5215	4465	4524	4521	5668	5513	9505
16274	14368	13872	12847	12868	13432	13327	13007	12783	12270	6995	5404	5480	5371	14272	13903	12903	12843	13295	13294	13069	12840	12285	6938	5399	5422	5342	14471	13034	13146	13679	13610	13255	13015	12469	7208	5486	5553	5448	13331	13360	13952	13918	13567	13185	12622	7412	5615	5684	5640	17885	14850	13241	12939	12748	12222	6883	5294	5471	5455	14959	13260	12990	12741	12339	6915	5298	5467	5465	13849	13472	13147	12549	7465	5524	5807	5714	13826	13459	12842	7684	5805	5942	5768	14348	13236	7943	6163	6352	6213	13809	7630	6804	6855	6772	6847	9444	6955	6807	5839	5804	5919	6929	6979	11813
14799	13125	12810	12114	12079	12505	12414	12215	12127	11815	4374	3408	3362	3317	13217	12861	12107	12084	12455	12480	12241	12077	11848	4403	3341	3372	3300	13303	12213	12233	12669	12704	12387	12323	11863	4585	3385	3460	3396	12330	12320	12945	12829	12548	12430	11975	4710	3468	3471	3491	16260	13536	12285	12178	12067	11825	4345	3323	3239	3244	13540	12381	12149	12036	11788	4479	3374	3273	3318	12747	12474	12387	11934	4770	3608	3446	3423	12804	12629	12051	4938	3571	3560	3489	13268	12425	5051	3952	3894	3844	12771	4791	4227	4214	4161	4299	6100	4303	4276	3590	3629	3661	4461	4411	7976
15549	13904	13481	12874	12923	13233	13128	12947	12845	12498	5556	4238	4158	4040	13941	13621	12851	12810	13176	13038	12929	12846	12438	5506	4188	4197	4122	14060	13030	13038	13425	13390	13119	12949	12510	5571	4194	4268	4140	13076	13113	13642	13665	13316	13154	12672	5680	4230	4320	4179	16930	14447	12994	12825	12733	12420	5465	4199	4219	4149	14407	12979	12872	12708	12412	5509	4153	4134	4085	13353	13254	13094	12660	5833	4369	4438	4249	13521	13277	12659	5803	4325	4422	4280	14018	13093	5979	4720	4760	4650	13625	5973	5140	5214	5160	5373	7128	5260	5193	4482	4551	4443	5545	5440	9553
14722	12753	12101	11205	11165	11554	11654	11348	11229	10805	4888	3770	3870	3925	12636	12213	11170	11121	11643	11609	11295	11127	10823	4932	3755	3914	3865	12621	11356	11369	11887	11992	11548	11370	10861	5115	3862	4014	4041	11604	11543	12219	12209	11757	11513	10990	5304	3999	4013	4022	16700	13122	11501	11236	11069	10633	5000	3698	3793	3852	13172	11465	11219	11124	10572	4925	3755	3838	3818	12010	11709	11550	10903	5431	4090	4075	4031	12049	11790	11046	5422	4053	4182	4185	12565	11548	5839	4525	4772	4694	12092	5474	5004	5144	5090	4780	7645	5170	5212	4355	4234	4359	5234	5475	9650
15335	13197	12437	10935	10812	11696	11521	11101	10882	10131	9272	7613	7534	7597	13124	12423	10886	10909	11716	11469	11092	10905	9996	9332	7632	7624	7568	13220	11168	11181	11951	11952	11489	11228	10249	9539	7923	7799	7779	11522	11440	12485	12420	11864	11558	10442	9947	7906	7892	7907	17691	14089	11319	10978	10733	10133	9247	7624	7512	7533	13992	11368	11132	10644	10037	9337	7679	7491	7538	12227	11791	11412	10544	10181	8055	7954	8058	12253	11837	10704	10286	8127	7967	8005	13061	11459	10701	8866	8932	8921	12236	10260	9704	9841	9843	9111	13740	9933	10014	8558	8459	8526	10103	10079	15580
17050	14379	13964	12904	12844	13332	13348	12983	12908	12386	5909	4369	4501	4506	14365	14030	12896	12850	13358	13229	13032	12945	12319	5819	4521	4361	4443	14495	13064	13085	13646	13613	13334	13059	12426	6194	4489	4584	4616	13186	13229	13928	13840	13458	13190	12532	6235	4577	4698	4593	18829	14837	13101	12933	12723	12279	5764	4494	4459	4396	14873	13223	12974	12761	12334	5736	4497	4462	4419	13863	13465	13141	12608	6320	4713	4678	4640	13945	13438	12772	6561	4886	4803	4755	14578	13327	6760	5334	5353	5397	13802	6585	5786	5818	5743	5830	8445	5862	5853	4866	4961	4948	5973	6013	10526
13815	13493	13431	11516	11448	12639	13100	13140	12902	11801	7566	5256	5305	5281	13361	13262	11483	11460	12595	13191	13001	12860	11872	7636	5268	5286	5253	13779	11505	11532	12728	13396	13415	13348	12047	7628	5294	5368	5292	11567	11536	12652	13582	13585	13358	11956	7670	5198	5389	5277	14274	12769	11568	11549	11249	10629	7196	5029	5182	5151	12723	11494	11454	11399	10631	7134	5094	5151	5172	12577	12459	12452	11546	7485	5191	5184	5319	13449	13366	12141	7613	5256	5285	5316	13459	12215	7734	5244	5441	5425	12561	7674	5525	5584	5549	7580	6451	6032	5892	4917	4918	4868	5974	5951	10378
11901	11771	11716	10404	10379	11427	11652	11561	11582	10942	5404	3683	3677	3681	11809	11636	10516	10443	11249	11707	11651	11551	10772	5432	3652	3710	3691	11779	10372	10515	11183	11837	11842	11759	10864	5358	3565	3689	3675	10513	10574	11363	11777	11879	11782	10921	5344	3649	3650	3668	12075	11271	10411	10396	10379	9966	5277	3521	3611	3615	11337	10431	10433	10398	9948	5228	3534	3671	3604	11198	11247	11168	10635	5352	3656	3657	3712	11867	11843	10934	5452	3592	3674	3626	11784	11082	5430	3672	3631	3733	11352	5498	3795	3707	3748	5393	4125	3954	3997	3378	3467	3404	4221	4196	7679
12090	10314	9930	9068	8973	9364	9310	9085	8956	8542	4580	3507	3674	3615	10379	9896	9042	9107	9499	9226	9107	8978	8671	4611	3457	3653	3577	10333	9074	9133	9633	9623	9391	9158	8629	4693	3660	3654	3654	9290	9287	9858	9861	9625	9353	8803	4881	3727	3715	3722	13691	10820	9208	8933	8765	8538	4648	3529	3603	3665	10925	9132	9023	8870	8444	4613	3500	3610	3663	9654	9346	9291	8681	5034	3811	3845	3820	9774	9391	8789	4998	3740	3761	3858	10269	9298	5202	4261	4312	4275	9799	5005	4693	4762	4823	4452	7249	4879	4896	4146	4094	4139	5100	5057	9021
11657	9622	9064	7846	7838	8495	8344	8070	7833	7117	6597	5329	5292	5317	9693	9134	7848	7912	8445	8354	7960	7847	7141	6423	5321	5439	5308	9619	8049	8053	8793	8734	8390	7955	7349	6779	5525	5463	5506	8446	8366	9284	9124	8714	8292	7437	7157	5631	5610	5558	14003	10387	8193	7835	7704	7054	6393	5258	5321	5294	10410	8192	7889	7708	7111	6544	5271	5293	5274	8949	8567	8219	7503	7114	5568	5664	5706	8890	8646	7748	7408	5792	5802	5889	9694	8399	7782	6442	6376	6396	8996	7318	7103	7228	7202	6323	10537	7191	7212	6017	6007	5914	7262	7253	12049
12452	10211	9676	8472	8384	8998	8839	8687	8441	7895	6311	5151	5118	5082	10071	9796	8390	8395	9060	8957	8614	8404	7809	6259	5106	5131	5224	10234	8672	8714	9315	9423	8963	8686	7956	6614	5260	5240	5210	8941	8942	9736	9673	9196	8958	8199	6813	5322	5364	5391	14562	10954	8791	8556	8297	7841	6206	5199	5121	5181	11020	8702	8466	8236	7870	6168	5183	5159	5209	9458	9140	8861	8116	6832	5421	5397	5407	9527	9144	8350	6933	5417	5475	5452	10302	8915	7405	6076	6128	6115	9624	7090	6855	6761	6800	6179	10236	6952	6884	5777	5754	5832	7088	6985	11881
14687	12178	11757	10794	10778	11214	11170	11046	10875	10361	5117	3884	3968	3907	12181	11795	10872	10782	11218	11243	11104	10834	10393	5201	3868	3963	3927	12311	11038	11043	11573	11551	11321	11070	10517	5445	4061	4052	4004	11219	11194	11756	11839	11394	11096	10549	5559	4120	4181	4119	16322	12692	11113	10975	10798	10339	5115	3963	3941	3922	12568	11089	10905	10746	10404	5150	3907	3985	4014	11666	11453	11162	10590	5593	4113	4159	4157	11781	11475	10823	5866	4366	4347	4233	12230	11149	6047	4762	4721	4645	11692	5650	5156	5189	5181	5068	7579	5249	5197	4364	4338	4303	5325	5158	9385
14850	12779	12082	10778	10761	11427	11140	11013	10862	10076	7663	6175	6147	6131	12708	12153	10813	10733	11342	11255	11028	10807	10109	7681	6259	6137	6075	12717	10973	10877	11555	11663	11327	11053	10287	7747	6220	6284	6266	11220	11156	12028	12094	11639	11265	10428	8078	6344	6365	6353	17162	13370	10997	10903	10774	10068	7664	6282	6274	6225	13475	10902	10962	10650	10032	7628	6225	6182	6192	11901	11468	11341	10520	8289	6627	6565	6565	12000	11613	10430	8370	6478	6431	6496	12842	11325	8918	7193	7224	7225	12014	8557	8001	7991	7936	7485	11452	8228	8104	6984	6901	6930	8356	8296	13591
16867	14610	14105	12724	12763	13340	13396	12983	12688	12071	8265	6644	6484	6453	14540	14067	12706	12752	13278	13335	12897	12752	12116	8187	6598	6471	6554	14690	12940	12989	13755	13761	13194	12858	12181	8640	6640	6654	6652	13167	13249	13996	14086	13567	13158	12410	8821	6870	6764	6847	19081	15290	13140	12853	12696	11979	8133	6386	6540	6542	15357	13250	12799	12538	11963	8192	6446	6465	6503	13951	13446	13158	12368	8761	6776	6762	6788	13927	13532	12697	9204	6919	6976	6928	14614	13205	9482	7736	7491	7716	14007	9071	8441	8254	8290	8065	11743	8427	8510	7053	7130	7122	8476	8479	13961
12010	11480	11331	9761	9674	10724	11153	11177	10966	9830	6622	4701	4728	4702	11524	11350	9699	9711	10565	10974	11206	10849	9848	6574	4726	4633	4667	11762	9714	9680	10859	11590	11565	11410	10069	6633	4715	4688	4769	9752	9720	10786	11629	11591	11372	10146	6778	4683	4733	4675	12470	10882	9589	9652	9529	8936	6259	4472	4546	4568	10959	9769	9768	9558	8811	6231	4446	4548	4504	10687	10706	10473	9395	6493	4603	4688	4696	11707	11306	10121	6786	4699	4794	4734	11618	10238	6855	4741	4829	4835	10690	6804	4892	5025	4962	6473	5880	5417	5331	4372	4395	4455	5460	5321	9441
12722	12559	12373	10950	10903	11794	12428	12355	12183	11310	6176	4183	4180	4167	12492	12410	10916	10980	11901	12502	12353	12240	11393	6172	4270	4117	4212	12663	10949	10924	11803	12421	12601	12440	11450	6154	4223	4150	4229	10985	11010	11956	12664	12515	12244	11556	6340	4203	4198	4231	13076	11886	10924	10913	10773	10240	5994	4124	4078	4139	11844	10809	10820	10768	10231	5913	4124	4179	4124	11909	11937	11787	11012	6111	4212	4157	4134	12522	12509	11518	6303	4211	4284	4210	12490	11546	6334	4353	4284	4271	11811	6326	4405	4348	4320	6241	4926	4601	4603	3856	3926	3858	4710	4724	8640
17689	15271	14774	13420	13514	14120	14091	13663	13395	12733	9519	7619	7563	7775	15328	14855	13453	13425	14058	14008	13726	13462	12753	9453	7673	7616	7707	15459	13804	13743	14360	14407	14074	13695	12812	9785	7710	7688	7829	13883	13860	14817	14753	14285	13931	13126	10117	8029	7973	8022	19628	16020	13756	13527	13304	12629	9324	7454	7526	7544	15911	13766	13570	13246	12593	9446	7537	7475	7492	14685	14145	13880	13071	10022	7890	7878	7961	14786	14363	13327	10529	8196	8207	8248	15462	13937	10853	8780	8785	8897	14671	10321	9496	9453	9536	9195	12820	9514	9669	8181	8297	8240	9705	9731	15119
15438	15320	15085	13816	13747	14735	15117	15040	15141	14273	7714	5320	5318	5400	15326	15249	13818	13698	14857	15228	15236	15183	14419	7826	5352	5282	5315	15275	13776	13783	14833	15164	15263	15174	14530	7808	5297	5274	5368	13786	13819	14791	15268	15251	15146	14505	7643	5304	5314	5254	15607	14819	13857	13851	13800	13357	7513	5360	5248	5199	14592	13816	13742	13749	13427	7547	5347	5216	5245	14675	14691	14652	13971	7719	5285	5259	5311	15341	15165	14495	7792	5340	5251	5302	15307	14645	7820	5393	5343	5318	14798	7767	5482	5393	5454	7837	5934	5595	5683	5032	4914	4939	5896	5910	10251
13441	13339	13268	12353	12283	12839	13148	13253	13221	12720	6181	4166	4250	4162	13399	13326	12338	12254	12862	13194	13220	13195	12767	6224	4271	4201	4229	13312	12242	12345	12915	13456	13267	13206	12753	6257	4152	4150	4229	12258	12301	12918	13326	13361	13479	12782	6215	4225	4234	4244	13526	12860	12259	12142	12275	11865	6078	4176	4143	4164	12906	12181	12177	12265	11924	6065	4254	4197	4139	13018	12812	12909	12506	6160	4262	4241	4289	13396	13223	12901	6206	4232	4166	4254	13366	12983	6259	4245	4163	4291	12908	6278	4347	4361	4222	6236	4582	4481	4442	3855	3855	3864	4753	4815	8511
12353	10609	10014	8849	8889	9432	9212	9121	8831	8222	6165	4832	4866	4934	10433	10001	8749	8783	9498	9317	9099	8905	8300	6120	4882	4925	4929	10529	9029	8910	9778	9546	9349	8982	8342	6215	4788	4831	4904	9217	9271	9961	9941	9636	9358	8533	6516	5028	5018	5061	14330	11108	9000	8799	8630	8233	6146	4772	4820	4865	11133	8925	8814	8783	8272	6206	4788	4830	4891	9691	9463	9195	8501	6718	5132	5090	5184	9967	9529	8628	6653	5026	5012	5071	10496	9256	7019	5590	5657	5629	9929	6908	6266	6442	6447	6004	9426	6599	6589	5473	5633	5492	6737	6710	11447
13799	11742	11248	10371	10411	10905	10285	10524	10662	10025	5745	4570	4696	4573	11789	11375	10344	10427	10916	10341	10583	10621	9982	5730	4561	4686	4632	12179	10096	10128	10665	10912	11101	10550	9889	5458	4420	4486	4414	10230	10293	10724	11147	11236	10685	9878	5616	4465	4508	4422	15651	12850	9806	10136	10145	10102	6052	4959	4935	4834	12780	9764	10055	10185	10109	6005	4859	4920	4854	10228	10662	10779	10466	6419	5103	5130	4988	11166	10527	9663	5445	4372	4457	4322	11867	10497	5956	4746	4965	4858	11382	6120	5574	5585	5512	5933	7898	6129	5961	5656	5784	5775	6964	6863	11557
14800	14607	14582	13462	13259	14044	14528	14500	14435	13855	7181	4978	4953	5013	14564	14534	13279	13404	14153	14464	14565	14436	13817	7249	4920	4915	4884	14818	13324	13487	14358	14694	14748	14711	14059	7206	4906	4962	4951	13385	13271	14249	14828	14638	14510	13902	7227	4941	4985	4969	15081	14254	13379	13332	13180	12917	7118	4903	4865	4860	14192	13371	13296	13199	12812	7078	4934	4869	4831	14208	14260	14067	13542	7185	4900	4993	4927	14593	14633	13932	7281	4942	4981	4949	14709	14080	7346	5065	5021	5001	14203	7320	5059	5083	4937	7219	5573	5284	5287	4425	4678	4555	5599	5564	9686
11064	10601	10510	8636	8709	9720	10162	10150	9970	8826	6089	4269	4272	4134	10611	10374	8736	8726	9682	10184	10134	10032	8884	6086	4260	4171	4161	10871	8902	8785	9891	10665	10605	10483	9097	6220	4327	4376	4242	8780	8805	9944	10693	10645	10413	9208	6190	4325	4343	4305	11810	10014	8698	8639	8606	7907	5608	4237	4151	4077	10083	8649	8750	8528	7930	5683	4202	4042	4066	9777	9737	9604	8569	6043	4236	4157	4207	10752	10480	9079	6297	4383	4235	4254	10633	9382	6376	4460	4430	4364	9877	6357	4627	4657	4504	5988	5756	4999	5003	4056	3984	3972	4934	4832	8730
11098	10845	10878	9480	9396	10225	10715	10635	10634	9818	5628	3786	3897	3860	10969	10824	9449	9396	10217	10701	10765	10601	9774	5652	3849	3879	3782	10979	9555	9361	10435	11047	11005	10803	9937	5792	3890	3914	3933	9487	9469	10330	10992	11013	10890	9946	5741	3880	3849	3885	11539	10404	9335	9367	9316	8813	5329	3778	3802	3813	10418	9525	9438	9334	8863	5397	3803	3843	3850	10225	10319	10117	9442	5709	3821	3886	3858	11007	10780	9789	5745	3809	3936	3866	11005	10159	5870	3877	3916	3936	10298	5797	4021	4059	4080	5692	4623	4263	4355	3651	3636	3522	4426	4452	7853
15563	13516	13021	12152	12168	12615	12606	12345	12052	11753	6338	5090	5111	5153	13539	13055	12116	12134	12604	12521	12410	12069	11680	6399	5018	5008	5143	13618	12337	12266	12921	12844	12566	12398	11851	6760	5206	5229	5204	12410	12475	13104	13018	12828	12563	11983	6936	5242	5199	5419	17213	14004	12388	12056	11991	11475	6379	4969	4898	5038	14115	12440	12163	11935	11496	6378	4966	5024	5092	13210	12659	12385	11855	6854	5262	5222	5255	13058	12749	12080	7054	5356	5452	5490	13465	12521	7337	5828	5925	5979	13077	6990	6385	6315	6450	6310	8990	6406	6417	5314	5400	5438	6535	6586	11041
15653	13257	12674	11104	11082	11827	11780	11410	11108	10573	8915	7158	7109	7105	13306	12660	11226	11233	11914	11810	11491	11138	10441	8796	7115	7133	7156	13212	11590	11467	12358	12190	11748	11507	10629	9164	7358	7331	7296	11747	11733	12626	12607	12043	11689	10854	9496	7407	7503	7439	17751	14076	11635	11326	11037	10213	8762	7022	7073	6935	14034	11655	11349	11031	10347	8774	7115	7103	6985	12562	12035	11571	10856	9505	7499	7513	7426	12480	12067	11114	10081	7681	7803	7729	13329	11831	10224	8411	8573	8487	12499	9754	9217	9344	9292	8682	12888	9300	9271	7809	7867	7916	9460	9445	14846
12631	12254	12136	10549	10458	11435	12153	11990	11832	10773	6413	4394	4450	4426	12327	12132	10456	10632	11413	11952	12039	11798	10738	6455	4381	4463	4424	12425	10545	10504	11475	12318	12275	12269	10985	6507	4547	4469	4500	10474	10522	11567	12381	12349	12125	10909	6508	4405	4522	4432	13082	11626	10394	10390	10264	9654	6083	4288	4394	4420	11529	10467	10507	10406	9747	6038	4291	4369	4293	11549	11354	11261	10499	6327	4364	4411	4441	12518	12179	11137	6616	4415	4451	4377	12346	11083	6667	4584	4656	4569	11431	6601	4678	4702	4637	6282	5521	5061	4972	4108	4096	4066	5002	5039	9072
16857	15009	14537	13787	13736	14123	13759	13873	13783	13336	5914	4566	4512	4537	15025	14625	13637	13760	14192	13859	13913	13808	13260	5989	4638	4533	4531	15193	13772	13832	14332	14254	14147	13914	13343	6018	4620	4574	4567	13826	13892	14477	14700	14294	14009	13444	6144	4607	4632	4629	18465	15685	13563	13572	13623	13307	5978	4678	4624	4607	15658	13581	13638	13584	13256	6043	4693	4622	4579	14191	14100	14028	13567	6480	4867	4791	4849	14562	14091	13384	6036	4553	4482	4541	15098	14007	6489	5026	5026	5184	14651	6437	5609	5601	5687	5851	8072	5810	5884	5111	5178	5063	6290	6240	10984
14503	12084	11574	10416	10458	10957	10841	10626	10435	9747	7330	5882	5867	5829	12176	11714	10323	10352	10940	10978	10581	10354	9796	7387	5916	5898	5776	12197	10579	10595	11290	11275	10795	10622	9882	7654	6097	6018	5948	10861	10823	11647	11560	11156	10857	10083	7835	6203	6187	6122	16422	12869	10714	10381	10123	9616	7246	5864	5816	5699	12673	10601	10413	10220	9688	7209	5855	5811	5743	11528	11038	10714	10017	7865	6207	6197	6148	11608	11187	10310	8223	6392	6360	6280	12214	10762	8617	6910	6968	6856	11600	7987	7657	7620	7486	7186	10878	7674	7669	6407	6399	6382	7825	7837	12618
12051	10269	9707	8833	8772	9201	9185	9030	8770	8389	5163	4128	4110	4132	10258	9745	8795	8787	9213	9309	8955	8770	8331	5167	4068	4152	4090	10270	8956	8963	9535	9549	9316	9080	8510	5465	4211	4242	4195	9200	9206	9798	9889	9485	9175	8674	5637	4321	4282	4396	13835	10788	9083	8893	8698	8264	5140	4067	4046	4085	10747	9077	8858	8702	8303	5125	4052	4074	4036	9743	9331	9145	8572	5597	4270	4368	4337	9732	9398	8702	5829	4371	4363	4408	10187	9206	6130	4787	4956	4949	9800	5806	5460	5525	5543	5077	8016	5445	5554	4513	4578	4653	5595	5540	9767
16681	14615	14213	13139	13169	13663	13667	13379	13090	12670	7122	5553	5468	5439	14639	14175	13224	13121	13669	13629	13424	13178	12609	7137	5555	5511	5548	14556	13367	13356	13952	13903	13559	13423	12733	7368	5603	5648	5700	13557	13565	14159	14322	13798	13584	12912	7608	5771	5736	5711	18369	15075	13435	13218	13043	12676	7030	5527	5503	5465	15092	13394	13272	13079	12619	7031	5595	5513	5497	14016	13815	13491	12957	7558	5840	5772	5689	14174	13784	13018	7924	5887	5797	5841	14626	13562	8035	6355	6428	6435	14182	7679	6868	6833	6891	7001	9567	6950	6934	5908	5987	5955	7136	7098	11813
16368	14295	13983	12970	13112	13478	13169	13143	13004	12428	5869	4503	4497	4562	14366	13947	12962	12952	13474	13147	13146	12925	12496	5861	4586	4553	4498	14615	12934	13051	13581	13640	13458	13156	12554	5841	4473	4389	4575	13226	13167	13876	13939	13729	13394	12708	5962	4529	4541	4594	18278	15080	12988	12883	12846	12481	5962	4633	4598	4581	15109	12893	12849	12920	12520	5938	4614	4664	4583	13456	13401	13308	12835	6436	4734	4808	4806	13753	13451	12589	6069	4605	4553	4591	14500	13299	6428	5098	4985	5072	13841	6318	5604	5567	5638	5750	8249	5861	5871	5092	5097	5152	6228	6273	10970
13601	11695	11228	10158	10092	10619	10531	10215	10129	9542	5875	4478	4473	4592	11660	11159	10196	10213	10597	10573	10245	10143	9592	5862	4464	4568	4609	11710	10405	10303	10800	10901	10495	10368	9747	6089	4596	4646	4829	10484	10491	11100	11146	10795	10525	9817	6382	4798	4846	4796	15417	12138	10501	10268	9983	9489	5901	4468	4533	4542	12153	10471	10268	10093	9525	5852	4573	4555	4556	11101	10845	10384	9805	6307	4753	4750	4943	11204	10813	10087	6741	4985	4991	4980	11556	10485	7008	5346	5437	5512	11133	6619	5984	5968	6094	5751	8602	5991	6046	5128	5064	5177	5984	6168	10600
17209	15118	14583	13610	13548	14068	13595	13769	13733	13161	7626	6113	6097	6144	15116	14573	13635	13570	14077	13616	13783	13771	13105	7628	6060	6108	6102	15268	13540	13413	14000	14215	14102	13884	13026	7495	5917	5953	6004	13674	13592	14270	14592	14363	13918	13080	7599	5961	6057	6029	19012	15985	13160	13367	13360	12992	7806	6268	6181	6245	15882	13100	13240	13409	13086	7882	6258	6250	6238	13790	13908	13913	13458	8317	6594	6534	6528	14497	13975	13019	7492	5826	5964	6012	15142	13778	7934	6560	6576	6646	14591	8062	7241	7279	7272	7788	9919	7728	7774	6906	6975	6906	8347	8320	13465
16769	14632	14192	12885	12994	13538	13354	13120	12764	12273	7728	6002	6077	6077	14584	14170	12910	12827	13490	13335	13047	12793	12293	7717	6075	6024	6114	14772	13167	13075	13789	13792	13421	13117	12419	8058	6134	6290	6269	13402	13289	14259	14064	13720	13424	12598	8233	6361	6346	6473	18787	15321	13305	12916	12769	12259	7612	6169	6072	6165	15198	13164	12968	12788	12197	7613	6077	6092	6134	13958	13504	13301	12627	8357	6391	6297	6380	13965	13724	12676	8607	6502	6385	6600	14571	13328	8770	7091	7069	7091	14051	8517	7709	7767	7776	7583	10808	7792	7777	6628	6557	6699	7979	8003	13211
11343	11209	11152	9550	9685	10471	11166	10957	10837	9966	5583	3821	3732	3615	11244	11086	9684	9830	10533	11159	10899	10735	9857	5618	3782	3662	3734	11291	9633	9712	10625	11173	11087	11126	10116	5561	3807	3761	3646	9679	9651	10632	11280	11233	11058	10125	5543	3838	3729	3714	11618	10545	9537	9484	9459	9003	5304	3591	3647	3670	10566	9502	9685	9492	9027	5332	3697	3688	3645	10429	10382	10376	9643	5521	3735	3733	3687	11270	11090	10217	5622	3812	3712	3671	11260	10236	5680	3847	3839	3810	10477	5637	3878	3858	3853	5581	4485	4171	4073	3519	3541	3541	4365	4253	7549
17425	15451	15167	14252	14249	14669	14651	14416	14326	13798	6139	4608	4584	4610	15505	15200	14257	14263	14618	14692	14488	14230	13895	6111	4653	4571	4633	15495	14344	14394	14773	14930	14562	14403	13964	6309	4817	4707	4707	14564	14568	15176	15060	14824	14599	14080	6410	4864	4775	4829	18776	15899	14531	14321	14152	13772	6004	4667	4603	4641	15841	14509	14319	14180	13730	6041	4625	4555	4633	15027	14798	14506	14105	6428	4906	4820	4872	15074	14741	14157	6789	4995	4965	4952	15562	14590	6917	5420	5256	5344	15025	6650	5784	5650	5749	5989	7807	5710	5789	4950	4801	4918	5935	5992	10259
17341	15350	14712	13346	13359	14024	13756	13523	13357	12748	9467	7642	7612	7642	15195	14749	13449	13470	14065	13868	13682	13444	12800	9398	7623	7767	7663	15306	13637	13681	14426	14277	14010	13712	12953	9771	7795	7793	7799	13915	13928	14725	14660	14232	13937	13007	10001	7881	7962	7857	19346	15988	13696	13309	13226	12649	9326	7589	7736	7646	16018	13681	13354	13217	12690	9432	7635	7711	7554	14559	14030	13773	13051	10093	7988	8109	8010	14648	14194	13262	10348	8101	8243	8187	15259	13873	10585	8785	8842	8851	14631	10232	9393	9547	9424	9255	12812	9656	9580	8240	8217	8326	9716	9789	15371
12018	11680	11814	10417	10319	11250	11533	11651	11627	10745	5265	3623	3505	3509	11977	11773	10408	10348	11365	11692	11794	11783	10856	5289	3571	3578	3654	11858	10413	10266	11262	11824	11754	11865	10993	5418	3583	3662	3562	10483	10392	11383	11915	11871	11736	11089	5378	3580	3650	3705	12389	11362	10170	10275	10381	9837	5129	3542	3567	3524	11280	10236	10356	10335	9795	5193	3475	3503	3531	11199	11194	11278	10657	5230	3580	3619	3638	11815	11886	10976	5393	3589	3593	3582	11925	11216	5343	3651	3616	3648	11258	5408	3605	3685	3687	5399	4066	3923	3938	3294	3246	3368	4053	4048	7457
12713	12570	12606	11407	11294	12057	12456	12516	12375	11828	5989	4049	4020	4041	12647	12697	11320	11277	12124	12472	12445	12490	11719	5882	4147	4032	4128	12736	11326	11307	12174	12656	12653	12618	11835	5961	4133	4017	4021	11418	11368	12153	12680	12760	12774	11822	5923	4065	4017	4068	13022	11991	11357	11329	11190	10715	5812	3987	3935	3987	12170	11263	11334	11187	10834	5818	4008	3992	3942	12125	12102	12011	11458	5939	4174	4023	4078	12785	12640	11816	5933	4053	4063	4061	12667	11972	6204	4059	4151	4085	12086	6226	4141	4176	4143	6033	4674	4389	4412	3873	3765	3767	4671	4519	8175
17521	15218	14718	13372	13297	13999	13957	13547	13329	12805	9168	7304	7119	7294	15148	14694	13428	13268	14071	13962	13574	13428	12640	9191	7326	7210	7257	15310	13586	13652	14347	14323	13820	13530	12883	9377	7454	7306	7431	13743	13772	14651	14719	14115	13857	13066	9779	7618	7485	7658	19249	15943	13722	13507	13388	12650	9033	7257	7195	7264	15904	13735	13539	13445	12714	9050	7231	7181	7266	14585	14049	13905	13055	9603	7695	7541	7653	14511	14318	13254	10095	7916	7623	7807	15319	13887	10425	8446	8349	8402	14535	9986	9151	8989	9155	8905	12282	9155	9289	7900	7907	7820	9380	9374	14637
14214	13940	13744	12215	12212	13187	13686	13894	13644	12849	6302	4457	4641	4543	13870	13898	12241	12204	13099	13749	13775	13691	12843	6307	4496	4585	4660	14032	12118	12094	13087	14012	14154	13989	12920	6293	4416	4611	4486	12029	12059	13157	14117	14063	13788	12916	6145	4440	4515	4558	14495	13311	11910	12018	12048	11662	6295	4503	4596	4602	13313	11989	12071	12056	11668	6272	4529	4528	4595	13050	12988	13062	12537	6464	4496	4649	4681	14153	13913	12902	6289	4406	4445	4485	13973	12959	6350	4500	4565	4527	13221	6367	4532	4575	4684	6410	5128	4906	4903	4686	4713	4605	5644	5604	9836
17410	15294	15023	14249	14208	14543	14540	14311	14172	13902	4951	3796	3632	3727	15261	14940	14193	14209	14553	14502	14346	14210	13809	4997	3797	3696	3767	15319	14342	14351	14748	14723	14482	14323	13927	5204	3847	3757	3815	14477	14454	14941	14973	14763	14568	14066	5318	3922	3848	3817	18785	15620	14442	14353	14176	13800	4866	3741	3665	3711	15635	14473	14254	14034	13715	4877	3718	3684	3764	14890	14587	14470	13975	5310	3913	3768	3839	15000	14727	14124	5554	4020	3901	4012	15370	14511	5645	4394	4233	4250	14828	5449	4726	4604	4693	4909	6571	4686	4714	3949	3993	3970	4868	4908	8685
12671	11915	11895	10051	10072	11110	11594	11555	11385	10194	7282	5304	5262	5230	11999	11789	10080	10027	11032	11509	11337	11206	10063	7321	5222	5236	5187	12243	10139	10075	11276	12106	11913	11801	10372	7500	5264	5397	5309	10102	10158	11335	12098	12021	11756	10418	7514	5364	5269	5374	13360	11585	10159	9956	9814	9149	6827	5081	5046	5140	11488	10150	9962	9885	9142	6845	5092	5070	5131	11236	11145	10907	9793	7231	5189	5206	5225	12227	11844	10327	7562	5361	5354	5320	12132	10680	7562	5378	5439	5519	11169	7710	5682	5608	5708	7388	7063	6095	6098	4967	4984	4970	6004	6110	10396
15848	13212	12715	11782	11776	12176	12210	11921	11786	11273	5382	4135	4153	4135	13181	12794	11935	11827	12208	12118	11988	11758	11316	5321	4064	4111	4059	13258	11897	11866	12477	12456	12144	11915	11417	5500	4193	4291	4274	12145	12111	12867	12795	12435	12162	11482	5672	4375	4341	4355	17813	13648	11986	11823	11644	11243	5263	4046	4034	4021	13594	12132	11903	11601	11225	5152	3979	4033	4101	12691	12290	12118	11517	5710	4263	4253	4284	12663	12285	11689	6041	4508	4464	4540	13290	12119	6251	4851	4848	4859	12727	5918	5430	5340	5282	5142	8073	5519	5438	4386	4461	4466	5459	5617	9775
14964	12980	12527	11328	11309	11896	11881	11506	11288	10846	6927	5387	5385	5465	12970	12557	11261	11332	11875	11819	11501	11373	10695	6880	5397	5429	5349	13056	11522	11614	12135	12093	11808	11548	11026	7130	5583	5637	5579	11808	11820	12527	12481	12075	11806	11092	7295	5709	5730	5697	16825	13548	11738	11500	11318	10787	6876	5338	5442	5473	13592	11721	11500	11261	10786	6916	5409	5442	5443	12364	12034	11658	11091	7367	5677	5767	5721	12356	11961	11213	7714	5781	5866	5856	13048	11971	8044	6351	6342	6382	12406	7528	6819	6978	7037	6772	9999	7018	6954	5886	5841	5893	7199	7083	12054
15882	13619	13175	11938	11768	12381	12334	11968	11846	11178	7432	5691	5702	5720	13643	13179	11898	11912	12504	12317	12007	11798	11224	7230	5639	5688	5757	13673	12112	12081	12804	12672	12403	12048	11341	7475	5790	5890	5857	12370	12337	13094	13154	12556	12318	11468	7686	5961	5890	5909	18174	14297	12123	11910	11690	11200	7144	5672	5747	5756	14235	12050	11863	11666	11190	7150	5610	5675	5821	12905	12546	12286	11575	7835	5911	5971	6055	13079	12636	11713	7994	6096	6105	6084	13719	12286	8351	6751	6689	6657	12976	8060	7455	7447	7455	7062	10762	7465	7708	6400	6372	6356	7724	7682	12962
14371	12400	11952	10922	11031	11452	11165	11146	10989	10504	6376	5034	5143	5083	12394	12056	10952	10886	11440	11278	11175	11004	10482	6490	5054	5093	5007	12555	11013	10987	11506	11728	11381	11053	10517	6401	4942	5024	4959	11187	11251	11918	12018	11688	11357	10597	6497	5147	5080	5045	16216	13202	10983	10971	10815	10342	6492	5041	5129	5005	13185	10959	10982	10793	10400	6469	5012	5184	5086	11564	11424	11188	10699	6976	5233	5375	5258	11916	11438	10617	6779	4979	5158	5170	12552	11212	7073	5602	5824	5661	11878	6873	6159	6392	6285	6342	9157	6568	6491	5706	5702	5649	6866	6844	11618
11559	11180	11056	9512	9539	10387	10966	10905	10783	9634	6274	4238	4348	4278	11271	11039	9408	9347	10417	10870	10836	10579	9795	6150	4300	4354	4355	11475	9560	9545	10450	11367	11320	11083	9938	6270	4286	4291	4306	9500	9577	10426	11263	11337	11059	9914	6202	4306	4390	4377	12020	10739	9508	9483	9392	8739	5831	4097	4111	4168	10656	9443	9290	9288	8736	5887	4116	4127	4150	10489	10465	10161	9467	6093	4175	4220	4259	11390	11127	10077	6247	4317	4351	4319	11317	10241	6384	4344	4346	4420	10550	6363	4486	4502	4587	6159	5416	4910	4979	3969	3978	3978	4900	4875	8687
14012	13992	13761	12887	12920	13539	13809	13858	13828	13370	5880	4200	4184	4183	13965	13890	12802	12808	13474	13945	13877	13809	13387	5952	4170	4238	4144	13915	12909	13046	13585	14003	14003	13975	13360	5968	4248	4121	4103	12806	12718	13348	13951	13963	13966	13467	5931	4153	4136	4215	14271	13535	12916	12701	12848	12433	5923	4165	4191	4147	13509	12838	12813	12748	12458	5924	4238	4172	4226	13467	13422	13408	13106	6088	4277	4184	4200	14057	14020	13480	5943	4204	4120	4133	14006	13369	6006	4205	4181	4196	13559	6044	4253	4315	4172	6049	4604	4477	4411	4036	3924	3976	4993	4979	8588
14297	12291	11659	10425	10442	11045	10869	10573	10415	9800	6968	5486	5569	5551	12141	11669	10355	10345	11045	10922	10620	10347	9844	7091	5483	5560	5533	12223	10601	10597	11259	11232	10868	10619	10009	7247	5756	5715	5815	10870	10925	11675	11747	11080	10799	10149	7491	5869	5919	5856	16313	12691	10764	10515	10338	9707	6888	5605	5504	5487	12783	10890	10566	10259	9672	6855	5457	5571	5558	11523	11205	10854	10102	7465	5826	5843	5887	11627	11248	10357	7922	6007	6053	6066	12086	10828	8122	6639	6565	6541	11558	7709	7250	7320	7271	6807	10259	7279	7226	6161	6080	6148	7385	7430	12271
16678	14908	14634	13683	13592	14174	13854	13803	13684	13265	6774	5190	5283	5204	14957	14628	13615	13705	14069	13827	13848	13665	13228	6719	5154	5295	5235	15140	13642	13646	14210	14343	14112	13859	13186	6650	5086	5293	5142	13727	13807	14360	14472	14269	14019	13388	6856	5116	5239	5238	18468	15635	13552	13524	13473	13250	7028	5213	5328	5254	15620	13492	13514	13537	13129	6926	5222	5345	5334	14083	14042	13940	13536	7289	5558	5595	5452	14459	14018	13247	6896	5144	5264	5170	14945	13992	7358	5695	5797	5788	14587	7115	6234	6225	6229	6695	8589	6611	6613	5855	5769	5802	7051	7065	11756
15709	13513	13166	12186	12255	12725	12605	12311	12163	11808	5950	4462	4414	4488	13549	13122	12283	12283	12707	12592	12395	12134	11854	5851	4440	4450	4448	13693	12440	12479	12904	12782	12520	12377	11874	6017	4549	4531	4569	12598	12610	13205	13234	12738	12475	11996	6304	4656	4583	4630	17143	13893	12509	12385	12202	11797	5884	4480	4449	4478	13959	12410	12319	12162	11795	5878	4509	4556	4460	13002	12699	12444	11971	6160	4767	4569	4669	13058	12692	12105	6512	4742	4858	4866	13486	12574	6719	5180	5219	5165	12996	6358	5558	5678	5640	5726	8024	5797	5757	4749	4736	4697	5983	5941	10142
12259	11812	11694	9859	9961	10861	11435	11381	11284	10236	6889	4909	4892	4854	11728	11692	9829	9938	10909	11475	11478	11175	10138	6876	4852	4881	4831	12141	9999	9871	11020	11847	11766	11626	10346	6998	4854	4956	4868	9970	10117	11093	11983	11980	11689	10369	6996	4852	4986	4904	12822	11226	9879	9939	9733	9109	6463	4716	4708	4678	11249	9897	9969	9713	9097	6533	4629	4775	4703	11085	10978	10746	9783	6840	4813	4878	4817	12056	11723	10395	7042	5006	4889	4790	11932	10623	7340	5005	5057	4935	10884	7145	5237	5324	5125	6810	6364	5663	5591	4595	4581	4663	5715	5570	9715
11304	10881	10715	8803	8927	9897	10420	10382	10259	9025	6228	4525	4451	4530	10793	10593	8981	8930	9899	10512	10342	10192	9058	6269	4455	4485	4459	11148	9074	9026	10051	11048	10781	10571	9361	6395	4494	4522	4520	9039	9170	10107	10777	10939	10735	9422	6462	4569	4587	4637	12028	10408	8996	8891	8872	8191	5960	4384	4325	4364	10363	9025	8832	8807	8123	5908	4315	4289	4326	10001	10033	9791	8815	6355	4488	4489	4516	11024	10888	9357	6446	4564	4533	4510	11080	9624	6581	4746	4705	4603	10081	6620	4864	4827	4898	6241	6040	5191	5311	4260	4250	4247	5150	5081	9101
11284	9291	8860	7553	7519	8068	7986	7680	7426	6893	5768	4745	4663	4671	9219	8817	7511	7466	8177	8009	7628	7512	6904	5907	4676	4780	4701	9203	7734	7689	8382	8295	7920	7694	7026	6131	4797	4815	4738	7964	7981	8689	8656	8120	7883	7224	6355	4926	4924	4966	13159	9830	7962	7434	7356	6965	5736	4724	4591	4630	9839	7867	7437	7300	6867	5816	4638	4618	4661	8638	8006	7796	7177	6364	5047	4987	4904	8604	8225	7458	6658	5085	5161	5063	9233	7959	6869	5665	5600	5570	8611	6561	6358	6220	6263	5773	9604	6439	6321	5367	5477	5274	6392	6431	11080
11670	11497	11359	9708	9803	10712	11091	11148	11029	10133	5705	3932	4039	3950	11431	11305	9714	9794	10709	11237	11078	11071	10129	5698	3898	3922	3930	11586	9811	9891	10698	11512	11365	11262	10299	5729	4002	3934	3981	9730	9764	10851	11526	11555	11278	10308	5893	3975	3922	3974	12057	10851	9777	9676	9557	9081	5432	3779	3861	3877	10834	9863	9882	9817	9112	5543	3894	3708	3837	10734	10695	10685	9817	5717	3849	3854	3909	11706	11327	10287	5749	3947	3885	3929	11507	10532	5834	4027	3985	4061	10759	5860	4134	4153	4048	5675	4862	4358	4488	3657	3651	3669	4571	4576	8200
14251	11733	11294	10297	10390	10834	10767	10442	10298	9761	5796	4609	4441	4521	11831	11371	10250	10232	10848	10825	10466	10244	9781	5768	4527	4496	4579	11963	10484	10499	11027	10996	10744	10527	9919	5989	4582	4586	4673	10744	10740	11331	11398	10946	10766	10026	6234	4785	4678	4713	16070	12339	10551	10391	10230	9844	5706	4526	4485	4515	12366	10686	10362	10132	9721	5588	4520	4384	4496	11199	10871	10708	9961	6161	4740	4653	4789	11400	10945	10180	6534	4935	4821	4981	11979	10738	6730	5442	5304	5352	11326	6347	5989	5929	5944	5627	8616	5996	6039	5070	4942	4853	6085	6099	10608
12935	10944	10644	9531	9518	10062	9877	9716	9543	9058	5759	4450	4514	4554	10999	10707	9637	9529	10087	9938	9752	9619	9084	5644	4468	4501	4499	11034	9739	9755	10262	10274	9982	9755	9105	5851	4489	4539	4542	9989	9996	10596	10591	10346	9900	9241	6086	4674	4565	4719	14799	11649	9817	9603	9461	8953	5780	4420	4555	4627	11562	9888	9594	9472	9093	5775	4489	4517	4517	10467	10090	9898	9231	6248	4735	4697	4773	10503	10145	9418	6326	4854	4709	4866	11036	9916	6525	5259	5184	5323	10583	6231	5808	5963	5879	5526	8687	5935	5954	4985	5058	5017	6111	6055	10479
12128	11970	11981	10571	10412	11272	11761	11799	11781	10901	5776	3957	3867	3998	11972	11910	10456	10481	11310	11914	11782	11759	11006	5733	4004	3895	3947	12103	10478	10336	11550	12140	11982	11890	11096	5843	3969	3911	3943	10476	10480	11349	12163	11906	11768	11016	5793	3948	3904	3972	12529	11372	10481	10407	10390	9863	5559	3817	3853	3838	11339	10325	10352	10411	9925	5540	3800	3786	3824	11463	11219	11346	10425	5795	3920	3870	3906	12084	11947	10994	5877	3970	3922	3952	12095	11090	5913	4032	3923	3912	11406	6035	4098	3992	4024	5775	4537	4235	4295	3603	3648	3579	4426	4409	7887
11346	9768	9294	8325	8259	8731	8487	8448	8274	7727	5253	4245	4182	4197	9718	9284	8249	8231	8787	8538	8460	8265	7801	5360	4200	4359	4261	9792	8386	8401	8937	8997	8699	8523	7864	5342	4302	4308	4285	8558	8514	9215	9283	8938	8722	7957	5617	4428	4437	4368	13492	10379	8370	8222	8192	7710	5407	4343	4304	4285	10440	8291	8244	8174	7769	5401	4271	4374	4331	8832	8734	8563	8002	5850	4481	4547	4594	9179	8836	8072	5651	4391	4430	4406	9861	8693	6051	4861	4935	4976	9217	5950	5477	5680	5525	5344	8335	5766	5711	4932	4869	4879	6089	5920	10383
11586	9738	9234	8327	8260	8563	8689	8431	8220	7694	4857	3872	3821	3886	9622	9341	8141	8233	8658	8703	8256	8214	7743	4808	3847	3852	3824	9693	8425	8370	8975	8931	8547	8368	7928	5040	3972	3907	3832	8614	8573	9198	9292	8846	8551	7952	5173	4034	3994	4049	13371	10160	8511	8256	8071	7654	4791	3701	3827	3751	10239	8425	8298	8156	7687	4830	3795	3771	3751	9063	8858	8555	8008	5256	4004	4110	4109	9170	8884	8052	5491	4195	4172	4160	9669	8585	5723	4652	4659	4693	9049	5430	5190	5193	5161	4825	7832	5233	5309	4312	4278	4358	5399	5318	9208
13827	13645	13652	12567	12532	13244	13546	13583	13540	13065	6581	4547	4426	4443	13735	13770	12506	12486	13200	13593	13598	13703	12985	6746	4487	4368	4420	13779	12453	12564	13231	13737	13707	13648	13011	6637	4523	4426	4489	12653	12585	13317	13829	13773	13815	13162	6600	4454	4428	4431	13972	13251	12490	12495	12471	11951	6441	4397	4360	4393	13261	12443	12459	12590	12028	6400	4473	4306	4396	13293	13379	13277	12687	6471	4490	4382	4488	13746	13675	13123	6657	4458	4389	4451	13852	13121	6581	4492	4413	4472	13334	6675	4544	4561	4553	6589	4958	4764	4815	4171	4181	4064	5050	5068	8883
18874	17123	16694	15773	15833	16233	16085	15982	15798	15354	7360	5606	5585	5527	17119	16807	15747	15719	16197	16196	15845	15803	15442	7356	5603	5588	5582	17176	15922	16001	16490	16421	16075	15907	15485	7475	5687	5716	5586	16084	16100	16741	16653	16402	16196	15612	7756	5868	5784	5825	20372	17603	16040	15841	15634	15342	7317	5584	5582	5569	17499	16038	15764	15659	15286	7283	5518	5525	5526	16560	16293	16066	15599	7689	5824	5758	5724	16700	16312	15690	7985	5973	5938	5848	17080	16131	8260	6260	6277	6238	16641	7842	6766	6845	6823	7188	9131	6764	6785	5743	5880	5902	6924	6903	11893
16362	13986	13528	12384	12384	12790	12825	12573	12409	11752	7159	5588	5567	5568	14012	13460	12407	12265	12728	12905	12559	12322	11678	7125	5598	5629	5555	14167	12599	12660	13171	13175	12834	12543	11870	7404	5764	5795	5646	12747	12777	13551	13561	13028	12825	12147	7753	5805	5965	5811	18339	14575	12664	12476	12151	11655	7049	5577	5552	5487	14536	12646	12331	12239	11636	7084	5527	5593	5510	13373	13019	12655	12058	7571	5862	5886	5803	13447	13078	12190	8024	5925	6079	6030	14168	12754	8180	6531	6584	6481	13382	7941	7169	7229	7094	6963	10220	7260	7097	6099	6138	5977	7313	7285	12385
11791	11571	11446	9992	10069	11097	11515	11442	11394	10528	5718	3961	3909	3845	11503	11467	10082	10095	10962	11479	11319	11339	10550	5697	4009	3881	3920	11643	10069	10087	11055	11719	11580	11682	10774	5668	3983	3882	3964	10038	10090	10992	11630	11601	11583	10534	5793	3981	3787	3909	12146	10956	10063	10129	10070	9545	5477	3907	3747	3751	11027	10101	10082	10065	9573	5463	3968	3805	3794	10930	10938	10697	10271	5731	3989	3867	3899	11670	11630	10674	5816	3929	3880	3929	11810	10694	5829	4035	3904	3974	10997	5869	4120	4030	4047	5620	4619	4240	4251	3703	3605	3650	4455	4618	7997
18231	16510	16223	15213	15162	15736	15584	15441	15200	14703	7771	5868	5890	5847	16416	16129	15206	15180	15625	15582	15386	15162	14642	7735	5865	5929	5926	16613	15288	15262	15825	15820	15615	15332	14812	7941	6046	5949	5986	15492	15557	16151	16124	15760	15570	14977	8112	6081	6235	6107	19802	16972	15374	15235	15021	14604	7646	5894	5903	5876	17005	15385	15176	15049	14587	7645	5962	5883	5782	15960	15717	15474	14866	8110	6090	6175	6030	16029	15793	15089	8408	6228	6214	6323	16554	15475	8621	6616	6703	6699	15981	8401	7155	7113	7184	7595	9508	7282	7324	6097	6222	6233	7600	7561	12295
18866	16637	16107	14891	14798	15486	15407	15010	14717	14161	9308	7319	7257	7295	16623	16114	14836	14824	15337	15466	15029	14691	14180	9321	7313	7231	7391	16704	15248	15063	15793	15809	15335	15056	14371	9663	7538	7447	7406	15403	15303	16163	16094	15660	15279	14560	9962	7703	7577	7611	20642	17195	15214	14826	14723	14172	9187	7323	7275	7283	17126	15206	14911	14726	14179	9139	7326	7287	7265	15987	15543	15255	14473	9883	7590	7668	7654	16024	15620	14704	10353	7868	7827	7913	16661	15339	10450	8544	8304	8388	15999	10054	9024	9031	8923	9055	12031	9104	9181	7840	7843	7844	9311	9336	14745
11649	9598	9221	8242	8203	8739	8639	8471	8311	7796	4645	3626	3677	3669	9684	9371	8310	8349	8731	8638	8492	8336	7808	4721	3619	3697	3717	9684	8434	8449	8999	9046	8733	8433	7990	4888	3703	3754	3741	8638	8708	9231	9231	8823	8539	8033	5041	3833	3884	3919	13202	9986	8579	8288	8090	7743	4778	3537	3581	3653	9968	8582	8327	8222	7725	4670	3554	3643	3726	9229	8847	8532	8074	5055	3828	3844	3845	9080	8819	8156	5455	3927	3988	3968	9580	8600	5636	4428	4350	4375	9119	5248	4859	4846	4859	4469	7349	4953	4970	4042	4083	4044	4981	4966	8916
15153	12861	12368	11318	11375	11808	11678	11424	11219	10622	6177	4816	4771	4814	12924	12420	11354	11296	11860	11677	11440	11236	10690	6249	4859	4856	4880	12861	11516	11463	12076	12128	11681	11528	10840	6454	4964	4938	4933	11710	11732	12422	12350	11974	11647	11028	6768	5207	5161	5177	17050	13505	11682	11343	11181	10694	6100	4754	4835	4817	13452	11599	11296	11191	10742	6099	4764	4850	4860	12263	11902	11713	10974	6706	5116	5102	5118	12262	11890	11094	6964	5259	5257	5177	12870	11675	7247	5685	5896	5818	12308	6811	6374	6367	6316	6093	9198	6380	6501	5381	5286	5305	6465	6618	11296
14486	12652	12293	11239	11258	11802	11678	11458	11437	10900	5328	4125	4138	4181	12670	12269	11433	11373	11744	11703	11479	11308	10893	5486	4208	4213	4196	12789	11428	11310	11894	11989	11720	11510	10916	5550	4207	4239	4223	11682	11626	12178	12197	11975	11808	11104	5705	4251	4351	4313	16245	13313	11368	11256	11255	10839	5370	4101	4257	4201	13234	11498	11268	11162	10813	5481	4163	4239	4249	12025	11804	11663	11093	5969	4361	4519	4446	12299	11993	11216	5862	4349	4311	4303	12756	11661	6127	4845	4808	4918	12203	5909	5335	5327	5375	5363	7875	5490	5587	4803	4721	4794	5908	5753	10074
13579	11781	11366	10555	10463	11039	10620	10617	10572	10130	5071	3931	4007	4015	11742	11450	10569	10517	10940	10669	10579	10578	10092	5093	3960	3919	3966	11977	10427	10434	10970	11035	10901	10678	10018	5050	3947	3944	3939	10619	10596	11273	11280	11097	10896	10186	5159	3963	4131	4019	15463	12428	10276	10360	10465	10030	5267	4095	4122	4155	12417	10277	10398	10427	10076	5127	4074	4112	4042	10811	10685	10778	10367	5544	4288	4270	4236	11224	10869	10158	5261	3910	3984	3962	11943	10777	5493	4483	4522	4456	11420	5569	5000	4998	4959	5083	7319	5148	5281	4651	4602	4648	5630	5611	9970
18555	16796	16398	15426	15432	15840	15788	15609	15405	14979	7851	6041	6078	6035	16756	16393	15459	15442	15846	15805	15575	15393	14946	7796	6044	6058	6082	16716	15574	15629	16082	16044	15797	15667	15114	8052	6228	6172	6273	15801	15784	16394	16287	16030	15722	15196	8309	6257	6285	6295	20182	17283	15712	15538	15288	14879	7878	5981	6009	6071	17256	15599	15563	15347	14864	7774	6040	6048	6081	16245	15894	15629	15132	8219	6299	6262	6210	16284	15970	15325	8504	6384	6464	6463	16683	15847	8817	6899	6795	6869	16365	8385	7368	7323	7331	7742	9783	7428	7342	6320	6402	6347	7493	7664	12483
12988	10918	10412	9173	9214	9736	9703	9387	9064	8532	6728	5458	5443	5447	11000	10480	9263	9096	9793	9600	9400	9058	8377	6756	5420	5397	5417	11069	9344	9293	10014	10052	9640	9295	8476	6936	5426	5435	5454	9547	9545	10362	10452	9893	9609	8774	7165	5668	5637	5712	15262	11631	9457	9216	8944	8410	6790	5536	5363	5505	11783	9373	9029	9060	8442	6685	5413	5378	5448	10191	9780	9471	8775	7350	5730	5781	5783	10208	9884	8932	7444	5773	5728	5820	11042	9609	7805	6498	6384	6467	10349	7550	7236	7116	7143	6643	10527	7369	7284	6208	6182	6195	7327	7387	12354
12882	12650	12648	11363	11394	12150	12616	12662	12459	11793	6242	4209	4305	4365	12727	12645	11425	11243	12133	12596	12630	12520	11729	6141	4259	4286	4277	12888	11455	11397	12407	12696	12782	12724	11975	6319	4275	4330	4332	11417	11468	12273	12788	12911	12721	11967	6228	4270	4416	4342	12967	12267	11449	11316	11258	10948	6011	4157	4164	4287	12044	11310	11213	11222	10872	6112	4156	4179	4173	12137	12185	12134	11607	6169	4267	4325	4351	12751	12711	12084	6260	4260	4327	4268	12707	12010	6307	4293	4335	4243	12296	6350	4333	4457	4413	6239	4835	4638	4690	3858	3957	3970	4847	4871	8633
18172	15958	15603	14636	14592	15081	15087	14775	14651	14252	6094	4502	4454	4478	15998	15578	14680	14615	15141	15017	14791	14774	14297	6084	4470	4474	4470	15943	14853	14779	15283	15342	14940	14751	14387	6199	4595	4652	4641	15061	14967	15536	15628	15173	15083	14525	6459	4768	4710	4675	19593	16243	14944	14703	14590	14171	5960	4425	4529	4507	16281	14981	14675	14564	14206	6018	4457	4494	4479	15558	15142	14941	14432	6492	4681	4730	4713	15611	15233	14679	6754	4917	4917	4790	15936	15041	6950	5197	5240	5232	15491	6664	5676	5726	5675	5993	8022	5800	5563	4852	4832	4856	5915	5893	10381
11892	9773	9287	7956	7947	8461	8482	8092	8042	7323	6528	5343	5292	5283	9792	9360	7982	8060	8611	8497	8185	7939	7296	6499	5230	5328	5320	9877	8193	8185	8814	8847	8400	8241	7435	6772	5478	5442	5484	8335	8495	9255	9128	8788	8443	7598	6985	5540	5504	5466	14065	10594	8265	8095	7879	7270	6333	5276	5297	5321	10569	8259	8029	7886	7106	6365	5343	5260	5270	9116	8697	8409	7586	7104	5611	5669	5600	9195	8739	7831	7265	5656	5612	5669	9878	8457	7701	6348	6324	6321	9199	7264	7167	6942	7107	6327	10657	7179	7227	6011	6054	6058	7319	7288	12212
13886	12020	11574	10563	10656	10992	10947	10708	10588	10092	5526	4433	4319	4403	12091	11514	10574	10580	10976	10851	10582	10549	10094	5400	4393	4293	4380	12038	10707	10683	11319	11263	10925	10704	10181	5691	4471	4415	4442	10819	10797	11559	11570	11160	10894	10338	5927	4500	4435	4578	15736	12466	10747	10486	10451	10022	5509	4353	4309	4331	12490	10780	10505	10433	9989	5452	4383	4291	4353	11415	11084	10838	10305	5929	4624	4514	4613	11510	11080	10379	6167	4595	4525	4629	12006	10909	6325	5144	4964	5083	11441	6101	5670	5537	5604	5334	8314	5694	5620	4801	4832	4876	5723	5841	10277
15280	15033	14995	13481	13493	14373	14949	14829	14784	14000	7778	5512	5403	5361	15054	15174	13437	13557	14283	14830	15021	14759	13924	7795	5471	5401	5411	15328	13369	13444	14479	15091	15110	15036	13928	7869	5515	5335	5358	13523	13451	14372	15213	15123	15083	14186	7899	5455	5376	5470	15543	14378	13461	13254	13323	12764	7493	5445	5325	5340	14491	13305	13403	13386	12681	7571	5287	5353	5365	14427	14397	14279	13388	7780	5350	5387	5369	15199	15094	14040	7883	5524	5431	5433	15223	14212	7980	5488	5519	5495	14439	7917	5660	5520	5603	7766	6186	5859	5956	4978	4986	4961	6165	6144	10652
17427	15132	14672	13248	13189	13786	13863	13528	13200	12631	8618	6736	6845	6752	15206	14689	13324	13354	13893	13842	13493	13222	12647	8670	6732	6879	6828	15254	13556	13638	14282	14104	13863	13467	12804	8843	6950	6968	6951	13715	13774	14522	14471	14088	13744	13058	9159	7064	7147	7105	19419	15810	13689	13442	13125	12635	8553	6783	6805	6720	15705	13666	13483	13135	12514	8654	6655	6783	6749	14517	14020	13721	13025	9285	6993	7118	7060	14404	14132	13326	9635	7163	7371	7326	15132	13740	9775	7740	7951	7988	14594	9475	8575	8674	8686	8538	11850	8657	8614	7356	7321	7442	8845	8853	14297
13249	10995	10536	9212	9083	9725	9501	9330	9024	8495	6647	5309	5262	5341	10991	10427	9104	8986	9744	9651	9428	8970	8432	6661	5280	5193	5219	11008	9363	9358	10048	9971	9607	9358	8645	6739	5397	5382	5376	9551	9586	10469	10362	9851	9585	8764	7151	5528	5580	5550	15447	11607	9430	9245	8931	8386	6583	5159	5267	5215	11748	9448	9233	8910	8450	6544	5192	5236	5292	10213	9862	9497	8811	7262	5605	5578	5667	10423	9837	8996	7423	5691	5701	5685	11079	9680	7851	6330	6339	6195	10276	7466	6899	7040	7013	6572	10527	7188	7370	6174	6099	5983	7221	7215	12318
13003	12771	12574	10926	10897	12067	12637	12570	12251	11464	5981	4083	4072	4024	12830	12743	10951	10968	12105	12569	12540	12424	11521	6070	4075	4028	4037	12844	10882	11041	12042	12907	12809	12784	11572	5839	4098	4047	4146	11029	10948	11972	12693	12853	12729	11654	5932	4103	4001	3937	13466	12182	11027	10868	10868	10445	5725	4066	4070	4060	12139	10967	10914	10932	10496	5835	4063	4041	4018	11865	11863	12004	11128	5968	4045	4115	4063	12883	12692	11756	5846	4014	4026	3991	12791	11754	5913	4106	4130	4060	12148	6046	4228	4212	4258	6023	4730	4474	4461	3916	3926	3936	4873	4703	8748
13632	13529	13502	12074	12103	12986	13399	13377	13421	12690	6470	4386	4507	4496	13455	13430	12009	12027	12823	13319	13361	13290	12518	6457	4385	4483	4502	13692	12056	12053	13084	13601	13549	13510	12599	6565	4478	4489	4464	11969	12031	12946	13609	13596	13474	12725	6525	4457	4520	4510	13874	12857	11958	11983	11951	11304	6185	4326	4443	4401	12970	12052	11989	12009	11575	6276	4347	4485	4350	13020	12842	12862	12266	6423	4431	4459	4476	13751	13567	12628	6461	4437	4448	4457	13627	12801	6718	4549	4546	4504	13100	6556	4504	4598	4590	6501	5058	4855	4827	4132	4105	4098	4956	5007	9225
15911	13955	13498	12394	12469	12944	12486	12498	12508	11911	7168	5580	5590	5569	13973	13355	12351	12389	12972	12511	12562	12381	11952	7107	5675	5587	5636	13990	12279	12401	13001	13056	12885	12644	11865	7029	5487	5469	5483	12516	12498	13107	13459	13086	12681	12084	7269	5526	5711	5648	17826	14746	12120	12196	12233	11818	7250	5749	5852	5816	14615	12212	12218	12230	11799	7237	5780	5859	5739	12717	12762	12694	12170	7780	6056	5953	5984	13312	12788	11851	7115	5600	5516	5571	14022	12639	7604	6209	6121	6147	13386	7542	6875	6850	6783	7111	9649	7291	7101	6444	6459	6376	7658	7718	12680
15261	13493	13147	12303	12214	12744	12510	12409	12093	11793	5581	4272	4285	4238	13549	13156	12196	12302	12715	12447	12346	12157	11783	5616	4302	4296	4260	13597	12434	12324	12895	12830	12589	12441	11910	5692	4396	4321	4279	12499	12511	13136	13081	12804	12605	11950	5836	4421	4472	4464	17014	14085	12396	12306	12167	11787	5694	4406	4329	4355	14088	12395	12297	12185	11748	5710	4403	4356	4301	12856	12732	12629	12088	6004	4602	4523	4555	13042	12645	11968	6021	4430	4503	4478	13515	12514	6304	5017	4901	5013	13157	6061	5440	5503	5370	5460	7796	5581	5540	4721	4823	4742	5832	5814	10213
18220	16001	15579	14376	14313	14992	14865	14606	14406	13878	8363	6553	6589	6559	16003	15595	14358	14288	14903	14785	14617	14464	13955	8298	6575	6635	6586	16135	14583	14632	15344	15350	14910	14658	14080	8563	6726	6675	6634	14869	14863	15544	15640	15123	14829	14174	8893	6906	6871	6888	19903	16509	14794	14512	14363	13804	8259	6549	6516	6502	16594	14757	14512	14310	13732	8165	6395	6510	6547	15507	15062	14814	14105	8786	6809	6809	6874	15432	15165	14313	9182	6983	7049	7007	16056	14824	9337	7542	7510	7540	15443	8963	8107	8066	8079	8202	10872	8160	8123	6971	6982	6937	8359	8368	13377
14321	14070	13807	12171	12211	13076	13723	13855	13665	12605	7003	4865	4876	4849	13858	13804	12202	12131	13262	13863	13825	13591	12599	7010	4787	4896	4917	14286	12039	12193	13209	14056	14027	13975	12632	7057	4766	4824	4830	12014	12191	13184	14218	14079	13940	12731	7029	4815	4846	4846	14759	13296	11925	11987	11956	11458	6733	4825	4860	4793	13392	12086	12124	12107	11503	6887	4846	4850	4805	13109	13233	13121	12135	6999	4896	4950	4813	14270	13980	12703	7074	4929	4828	4684	14114	12981	6969	4881	4931	4872	13327	7129	5040	5036	5006	7080	5740	5414	5397	4746	4710	4710	5758	5684	10121
11264	10859	10796	9260	9281	10112	10650	10557	10477	9599	5653	3865	3873	3817	10891	10751	9213	9220	10131	10680	10602	10437	9561	5515	3856	3854	3832	10914	9275	9270	10344	11047	10897	10764	9841	5507	3778	3810	3876	9252	9419	10293	11037	10964	10666	9801	5604	3883	3903	3914	11510	10317	9120	9181	9088	8571	5309	3686	3796	3736	10445	9165	9179	9124	8652	5326	3718	3784	3720	10183	10154	10079	9188	5501	3814	3786	3818	10949	10820	9759	5612	3920	3889	3885	11046	9888	5742	4003	4021	3908	10202	5688	3996	4036	3974	5459	4771	4315	4342	3522	3559	3580	4458	4440	7918
15594	13473	13016	12116	12037	12577	12461	12288	12106	11661	4893	3937	3806	3859	13385	12959	11974	12051	12636	12453	12270	12049	11638	4878	3890	3864	3839	13556	12289	12238	12798	12790	12483	12220	11726	5173	3963	3956	3919	12403	12493	13077	13127	12672	12510	11818	5346	4133	4014	4076	17455	13762	12325	12102	11943	11628	4756	3877	3788	3869	13978	12454	12041	11963	11631	4875	3976	3876	3865	12947	12656	12417	11844	5261	3999	4002	3969	12886	12703	12001	5517	4109	4022	4194	13358	12427	5707	4562	4544	4629	12886	5437	5055	4956	5056	4702	7421	5041	5059	4160	4249	4181	5177	5129	9295
13613	13251	13091	11469	11647	12632	13090	12944	12941	11902	6783	4704	4555	4638	13222	13209	11491	11504	12496	13066	13035	13016	11962	6751	4640	4512	4580	13423	11465	11468	12534	13497	13382	12916	12016	6890	4759	4555	4631	11580	11642	12736	13419	13444	13170	12169	6830	4686	4664	4563	14100	12541	11525	11386	11445	10836	6555	4537	4527	4499	12720	11488	11451	11450	10749	6567	4512	4508	4477	12563	12484	12333	11606	6776	4530	4583	4514	13406	13355	12108	6829	4630	4607	4560	13430	12243	6993	4724	4653	4655	12602	6882	4805	4764	4825	6876	5548	5103	5090	4270	4387	4305	5365	5278	9445
13350	13006	12949	11441	11720	12406	12861	12988	12900	12099	6417	4471	4425	4456	12980	12959	11713	11654	12573	13034	12789	12874	12057	6400	4554	4411	4443	13096	11743	11762	12645	13143	13177	13030	12226	6454	4445	4408	4454	11607	11561	12569	13079	12969	12985	12352	6595	4474	4370	4484	13535	12582	11635	11830	11761	11194	6246	4448	4363	4368	12475	11715	11696	11653	11157	6247	4447	4375	4415	12555	12431	12495	11888	6384	4470	4425	4375	13156	13118	12375	6519	4517	4419	4453	13033	12405	6467	4516	4430	4496	12564	6538	4643	4489	4584	6575	5110	4712	4855	4025	4079	4117	4919	4969	8870
15201	12618	12131	10875	10879	11532	11409	11066	10789	10112	7897	6245	6265	6286	12726	12171	10822	10780	11423	11399	10969	10843	10109	7892	6270	6332	6397	12736	11193	11178	11819	11799	11317	11038	10341	8298	6462	6505	6469	11253	11290	12225	12125	11611	11208	10536	8550	6607	6600	6673	17300	13539	11212	10876	10673	9936	7936	6287	6136	6236	13439	11328	10809	10700	9938	7769	6256	6221	6240	12020	11522	11222	10396	8485	6709	6615	6610	11990	11687	10755	8869	6780	6836	6888	12760	11303	9179	7466	7422	7490	12038	8772	8257	8105	8183	7732	11607	8298	8179	7077	6915	7034	8416	8441	13748
16780	14668	14127	12942	12899	13524	13420	13102	12805	12333	7848	6287	6274	6259	14746	14142	12936	12894	13544	13447	13203	12871	12393	7975	6337	6270	6320	14642	13130	13180	13932	13872	13428	13157	12506	8189	6453	6395	6364	13335	13334	14132	14126	13722	13395	12678	8463	6629	6534	6587	18836	15244	13320	13104	12892	12342	7851	6261	6271	6323	15253	13363	13042	12869	12345	7767	6312	6299	6242	14034	13498	13308	12737	8445	6691	6565	6576	14130	13637	12806	8824	6668	6712	6731	14658	13401	9131	7251	7280	7252	14055	8728	7949	7916	7944	7796	11006	7883	8121	6923	6881	6929	8147	8087	13424
17294	15589	15135	14041	14058	14528	14408	14220	13999	13421	7777	6006	6117	6070	15607	15075	14020	14038	14485	14425	14257	14114	13507	7834	6070	6263	6206	15599	14153	14119	14810	14732	14463	14214	13540	8007	6091	6272	6165	14386	14271	15087	15130	14658	14449	13730	8270	6233	6460	6424	19021	16044	14271	14054	13881	13349	7764	6003	6175	6112	16120	14304	14094	13932	13326	7774	6037	6139	6002	14858	14474	14469	13752	8344	6356	6371	6368	14904	14611	13819	8475	6466	6380	6411	15524	14436	8748	6953	6981	6949	14975	8580	7512	7558	7426	7724	10277	7751	7703	6626	6617	6634	7994	7897	12999
