1-2	1-3	1-4	1-5	1-6	1-7	1-8	1-9	1-10	1-11	1-12	1-13	1-14	1-15	2-3	2-4	2-5	2-6	2-7	2-8	2-9	2-10	2-11	2-12	2-13	2-14	2-15	3-4	3-5	3-6	3-7	3-8	3-9	3-10	3-11	3-12	3-13	3-14	3-15	4-5	4-6	4-7	4-8	4-9	4-10	4-11	4-12	4-13	4-14	4-15	5-6	5-7	5-8	5-9	5-10	5-11	5-12	5-13	5-14	5-15	6-7	6-8	6-9	6-10	6-11	6-12	6-13	6-14	6-15	7-8	7-9	7-10	7-11	7-12	7-13	7-14	7-15	8-9	8-10	8-11	8-12	8-13	8-14	8-15	9-10	9-11	9-12	9-13	9-14	9-15	10-11	10-12	10-13	10-14	10-15	11-12	11-13	11-14	11-15	12-13	12-14	12-15	13-14	13-15	14-15
12523	12168	12017	10197	10265	11230	11833	11701	11612	10523	6652	4622	4702	4738	11899	12043	10179	10158	11196	11754	11813	11686	10479	6717	4739	4731	4702	12336	10202	10218	11300	12253	12159	11888	10651	6733	4768	4816	4728	10362	10260	11389	12219	12076	11971	10643	6821	4707	4793	4783	12939	11475	10259	10148	10066	9390	6335	4511	4559	4615	11427	10280	10170	10087	9325	6228	4591	4559	4580	11284	11180	11118	10043	6652	4646	4725	4610	12409	12008	10699	6864	4822	4793	4668	12189	10924	6828	4852	4886	4809	11319	6933	5013	4943	5048	6694	5956	5373	5451	4404	4527	4345	5327	5441	9511
12926	11330	10723	9748	9693	10222	9986	9863	9713	9190	5650	4481	4512	4423	11156	10765	9683	9701	10277	9990	9863	9825	9183	5679	4431	4594	4536	11211	9857	9860	10372	10508	10119	9954	9324	5826	4514	4406	4445	9942	10031	10605	10758	10423	10069	9449	6003	4627	4616	4716	14864	11840	9722	9735	9587	9281	5804	4507	4513	4514	11845	9793	9658	9671	9249	5840	4477	4500	4562	10398	10117	10081	9484	6341	4799	4681	4742	10664	10233	9456	6040	4522	4618	4635	11228	10032	6367	5113	5110	5144	10741	6279	5746	5726	5706	5645	8436	5962	5978	5054	5024	5129	6303	6173	10572
13272	11155	10687	9593	9556	10058	10020	9776	9550	9040	5333	4118	4218	4149	11152	10775	9609	9583	10092	10065	9855	9518	9056	5393	4120	4149	4190	11155	9800	9756	10332	10419	10080	9789	9184	5614	4195	4257	4297	9879	10030	10707	10834	10374	10056	9305	5793	4341	4441	4477	15554	11663	9831	9761	9445	9029	5228	4101	4107	4147	11749	9923	9735	9382	9051	5177	4105	4060	4159	10651	10187	9964	9273	5694	4312	4425	4475	10599	10207	9496	6064	4481	4631	4693	11153	10012	6366	4947	5036	5080	10600	5933	5571	5605	5636	5161	8381	5804	5787	4613	4649	4754	5763	5732	10070
14046	11945	11625	10748	10733	11215	10527	10868	10911	10508	5651	4449	4583	4621	12123	11592	10697	10711	11184	10549	10904	11080	10395	5637	4530	4636	4660	12525	10380	10398	10801	11302	11440	10987	10187	5328	4355	4277	4310	10511	10582	11083	11593	11687	11206	10312	5517	4287	4356	4441	15905	13257	10048	10247	10473	10411	6024	4814	4873	4896	13225	9959	10222	10528	10326	5987	4862	4840	4890	10400	10691	10927	10827	6357	5065	4985	5080	11419	10811	9936	5257	4074	4153	4149	12088	10671	5826	4681	4669	4737	11703	5872	5275	5313	5462	5882	7610	5908	5984	5814	5820	5742	6909	6969	11612
15956	13981	13487	12211	12258	12741	12738	12476	12141	11696	7369	5767	5884	5812	13924	13397	12279	12237	12845	12787	12569	12201	11699	7332	5799	5938	5872	13921	12454	12361	13047	13026	12780	12543	11780	7577	5844	5885	5938	12610	12588	13417	13341	12998	12618	11917	7672	6022	5944	5964	17944	14552	12441	12244	12079	11616	7282	5815	5834	5785	14547	12425	12189	12083	11475	7306	5760	5845	5821	13266	12811	12578	11990	7955	6011	6034	6110	13242	12850	11939	7911	6046	6076	6048	13944	12784	8396	6865	6674	6782	13341	7895	7370	7346	7368	7194	10394	7565	7532	6429	6421	6425	7817	7829	12940
11304	10368	9911	8015	8035	9069	9409	9176	8792	7638	7157	5473	5415	5445	10463	9856	8105	7983	9003	9486	9252	8803	7616	7275	5404	5435	5405	10533	8384	8296	9453	10062	9755	9400	7961	7546	5570	5608	5524	8466	8516	9584	10205	9936	9467	8083	7698	5602	5697	5558	12790	10191	8263	8106	7944	6948	6721	5306	5209	5138	10129	8211	8052	7891	6942	6707	5153	5238	5186	9447	9049	8800	7626	7361	5581	5437	5356	10199	9700	8211	7787	5600	5666	5647	10365	8701	7895	5935	6025	5985	9239	7875	6374	6517	6406	6852	9006	6864	6933	5479	5530	5555	6607	6657	11205
14079	13855	13965	12291	12278	13170	13723	13658	13762	12664	6376	4401	4359	4342	13827	13854	12203	12193	13210	13732	13631	13599	12682	6404	4479	4369	4398	13832	12278	12344	13343	14017	13863	13894	12818	6574	4403	4347	4438	12257	12308	13341	14102	14008	13884	12876	6498	4369	4324	4426	14441	13248	12223	12247	12248	11660	6175	4263	4376	4339	13339	11882	12226	12059	11543	6189	4354	4399	4412	13167	13153	13184	12343	6460	4349	4294	4398	14092	13702	12971	6526	4418	4342	4392	13990	13096	6553	4526	4338	4475	13263	6586	4487	4517	4539	6355	5023	4752	4809	4157	4071	4165	5105	5008	9110
11398	10878	10819	9041	9033	9960	10638	10601	10366	9194	6097	4220	4320	4272	10980	10915	9096	9115	10036	10750	10421	10399	9305	6067	4185	4289	4307	11104	9223	9292	10222	11131	10957	10754	9641	6174	4328	4348	4335	9234	9247	10354	10977	11061	10760	9615	6319	4278	4330	4312	11900	10386	9216	9174	9060	8282	5862	4112	4159	4234	10484	9169	9243	9090	8433	5781	4111	4205	4203	10212	10191	9937	9039	6147	4182	4298	4256	11198	10913	9643	6262	4332	4342	4326	11102	9708	6255	4446	4475	4438	10158	6225	4491	4553	4653	6079	5493	5007	5035	4068	4110	4016	4991	4937	8704
18305	16231	15872	14972	14872	15249	15331	15057	14866	14456	7157	5410	5369	5371	16413	15928	15016	14906	15320	15292	15024	14853	14426	7141	5357	5401	5341	16326	15143	15066	15721	15628	15327	15075	14549	7351	5489	5515	5412	15280	15219	15898	16006	15502	15230	14641	7493	5527	5627	5525	19906	16723	15176	14945	14778	14281	7075	5226	5319	5309	16715	15114	14943	14760	14314	7055	5273	5264	5274	15673	15425	15192	14681	7514	5572	5611	5449	15809	15503	14835	7828	5693	5771	5623	16345	15239	8010	6039	6199	6131	15735	7732	6614	6581	6577	6916	9136	6819	6757	5709	5744	5721	7019	6866	11856
15387	15262	15280	14389	14362	15013	15234	15322	15167	14851	7405	5061	5063	5102	15318	15295	14384	14231	14953	15189	15384	15240	14832	7350	5101	4946	5050	15386	14427	14351	14928	15354	15372	15264	14955	7335	5111	5004	5079	14301	14376	14965	15348	15456	15236	14777	7481	5157	5026	5029	15420	14944	14321	14336	14326	14018	7265	5011	5022	5028	14815	14429	14353	14441	14052	7271	4990	5021	5035	14963	15022	14903	14516	7336	5119	4995	5025	15465	15405	14812	7338	5099	5098	5066	15389	14947	7429	5191	5082	5089	14973	7398	5202	5074	5114	7418	5429	5287	5250	4676	4658	4644	5703	5651	9676
18836	16524	16114	15067	15088	15587	15526	15281	14993	14617	6833	5247	5298	5198	16600	16087	15045	15028	15576	15495	15271	15103	14686	6804	5269	5292	5175	16600	15244	15254	15756	15848	15488	15254	14721	7016	5245	5340	5312	15518	15502	16061	16109	15698	15434	14849	7189	5418	5434	5366	20441	16913	15342	15077	15054	14496	6841	5210	5163	5099	16933	15311	15194	15017	14538	6845	5239	5079	5190	15945	15679	15463	14876	7288	5365	5403	5460	16144	15702	15029	7660	5587	5576	5552	16559	15471	7775	6018	6012	5896	15995	7424	6490	6535	6426	6806	9087	6610	6510	5610	5635	5554	6794	6819	11563
14470	12253	11951	10597	10660	11176	11072	10963	10785	10157	6203	4754	4938	4929	12319	11856	10644	10710	11225	11131	10973	10760	10112	6278	4807	4887	4965	12435	10947	10972	11466	11465	11098	10988	10357	6321	5066	5040	5001	11040	11139	11841	11838	11519	11224	10552	6763	5169	5101	5153	16453	12966	11043	10812	10568	10086	6148	4777	4848	4762	13047	10935	10759	10586	10006	6107	4679	4758	4728	11589	11385	11035	10384	6554	4975	5077	5042	11753	11458	10646	6950	5232	5326	5299	12342	11115	7342	5803	5780	5781	11767	6941	6407	6334	6301	6083	9283	6493	6389	5361	5333	5427	6585	6605	11394
17377	15870	15489	14869	14796	15193	14849	14988	14910	14457	5945	4415	4457	4626	15846	15586	14793	14804	15130	14937	14999	14848	14468	5887	4442	4535	4583	16042	14820	14777	15120	15312	15189	15021	14473	5865	4334	4460	4484	14932	14936	15419	15578	15292	15062	14550	6057	4512	4508	4575	18820	16531	14627	14780	14771	14452	6020	4515	4531	4661	16564	14657	14761	14724	14473	6026	4473	4551	4668	15042	15036	15025	14655	6390	4678	4750	4880	15514	15091	14426	5949	4400	4470	4566	15969	14968	6263	4765	4878	5009	15516	6294	5241	5339	5392	5922	7251	5522	5608	4950	4944	4886	6032	5979	10415
13044	12695	12671	11368	11484	12340	12723	12684	12655	11975	5794	3899	3912	3878	12920	12853	11544	11586	12403	12777	12832	12692	12139	5737	3890	3929	3950	13025	11637	11666	12499	13004	12990	12885	12204	5787	3938	3901	3920	11526	11600	12305	13030	12943	12889	12214	5804	3961	3931	3914	13255	12357	11495	11585	11412	11223	5663	3879	3820	3820	12317	11495	11416	11445	11029	5619	3855	3786	3840	12507	12321	12280	11835	5707	3941	3928	3964	13008	12838	12221	5741	3873	3870	3899	12964	12139	5805	3913	4002	3933	12374	5737	3960	3934	3984	5703	4360	4189	4227	3622	3622	3546	4406	4341	8113
14941	12907	12600	11677	11698	12165	12016	11860	11778	11282	4824	3763	3647	3632	12936	12529	11635	11663	12054	12019	11864	11695	11316	4801	3729	3659	3737	12931	11917	11967	12312	12360	12091	11833	11456	5020	3853	3815	3746	12090	12096	12512	12673	12256	12020	11480	5129	3914	3835	3952	16437	13226	11939	11840	11634	11262	4712	3700	3787	3717	13289	12001	11807	11664	11337	4758	3723	3729	3702	12523	12169	12044	11529	5160	3907	3821	3856	12553	12267	11769	5466	4072	3988	4025	12931	12060	5543	4320	4364	4364	12449	5204	4791	4804	4863	4689	6901	4811	4926	3976	4011	3999	4862	4936	8708
14795	12548	12016	10581	10492	11171	11200	10777	10499	9786	7307	5884	5787	5987	12373	11882	10561	10499	11234	11046	10814	10562	9898	7446	5855	5919	5894	12534	10753	10831	11525	11434	11028	10840	10143	7796	6022	5995	6090	11029	10938	11835	11839	11425	10964	10194	7986	6236	6231	6328	16932	13129	11035	10586	10409	9843	7264	5815	5866	5873	13072	10932	10622	10383	9788	7315	5844	5872	5943	11687	11229	10848	10174	7976	6028	6147	6204	11662	11408	10358	8383	6329	6363	6425	12509	11082	8763	7014	7077	7056	11738	8275	7748	7654	7681	7246	11057	7812	7788	6616	6551	6533	7892	7948	12904
14370	12125	11667	10459	10506	10967	10935	10729	10438	9913	6932	5489	5412	5484	12147	11683	10572	10580	11045	11027	10714	10515	9988	7009	5528	5467	5497	12098	10736	10753	11313	11401	11030	10683	10201	7243	5605	5619	5641	11002	10897	11676	11747	11235	10963	10310	7488	5782	5754	5896	16349	12775	10927	10664	10471	9976	6844	5446	5401	5481	12838	10887	10618	10484	9950	6760	5418	5349	5481	11633	11120	10841	10226	7410	5855	5694	5841	11722	11320	10523	7825	5912	5960	6026	12148	10979	8008	6493	6510	6585	11648	7636	7021	6979	7140	6768	10130	7188	7238	6011	5969	6095	7296	7333	11960
15169	14993	14817	13707	13766	14454	14902	14920	14741	14151	7338	4846	4929	4848	15007	14827	13767	13684	14560	14821	14880	14890	14156	7101	4958	4935	4823	15184	13777	13692	14541	15057	14971	15095	14229	7300	5005	4903	4873	13809	13772	14540	15159	15138	15053	14309	7185	4982	4890	4881	15368	14549	13708	13570	13586	13145	7116	4899	4801	4737	14551	13694	13635	13680	13187	7038	4939	4870	4776	14442	14349	14623	14024	7104	4941	4849	4841	15054	14950	14226	7296	4956	4906	4861	15023	14336	7284	4984	4872	4855	14586	7355	4905	4986	4954	7309	5446	5265	5186	4535	4521	4595	5533	5594	9824
12043	11948	11782	10268	10315	11228	11736	11594	11627	10861	5447	3694	3672	3628	11677	11909	10213	10447	11205	11607	11665	11500	10865	5566	3758	3671	3679	11932	10373	10243	11373	11814	11920	11756	10960	5466	3677	3712	3671	10367	10337	11190	11801	12085	11746	11062	5479	3710	3681	3704	12495	11300	10312	10366	10089	9701	5221	3781	3606	3636	11364	10244	10340	10303	9730	5258	3601	3569	3625	11204	11301	11097	10351	5416	3664	3588	3646	11843	11767	10934	5506	3682	3597	3623	11898	11151	5620	3746	3744	3609	11272	5635	3878	3794	3893	5541	4399	4059	4118	3363	3369	3347	4130	4148	7676
15315	12742	12290	11253	11268	11746	11539	11261	11100	10441	6281	4911	4931	5004	12823	12301	11111	11069	11721	11614	11275	10983	10497	6247	4916	4884	4942	12819	11306	11322	11974	11960	11553	11370	10700	6450	5032	5097	5009	11560	11657	12348	12326	11767	11500	10795	6892	5196	5081	5159	17252	13317	11346	11200	10967	10393	6176	4767	4818	4858	13425	11397	11260	10939	10377	6202	4864	4834	4881	12122	11752	11378	10647	6797	5139	5138	5166	12129	11840	11014	7088	5330	5223	5274	12895	11542	7454	5833	5795	5815	12194	7004	6488	6411	6482	6106	9510	6410	6754	5449	5442	5467	6676	6755	11751
12991	10716	10343	8977	8936	9387	9400	9107	8904	8096	7433	5980	5960	6021	10838	10378	8931	8924	9541	9309	9113	8849	8187	7323	5897	5967	5978	10832	9085	9098	9783	9750	9357	9198	8247	7537	6089	5955	6013	9353	9377	10206	10178	9738	9319	8420	7779	6241	6131	6224	15231	11768	9058	8998	8674	8040	7342	6004	6041	6126	11692	9121	8887	8690	8182	7359	6010	5969	6000	9800	9468	9334	8481	8067	6372	6413	6394	10072	9645	8572	8113	6306	6307	6295	10798	9352	8408	7062	6907	6985	10120	8159	7719	7846	7852	7176	11395	8003	7960	6849	6843	6755	8058	8122	13243
18720	16453	15997	14926	14962	15417	15469	15155	14954	14482	6895	5243	5246	5329	16506	15966	14925	15007	15343	15426	15113	14971	14466	6956	5207	5321	5314	16590	15259	15095	15779	15772	15494	15261	14711	7102	5403	5275	5402	15351	15289	16017	16099	15648	15401	14743	7494	5502	5482	5575	20408	17006	15260	15134	14829	14461	6846	5064	5218	5250	17001	15303	15042	14791	14455	6827	5149	5164	5287	15860	15636	15284	14698	7298	5419	5478	5531	16085	15690	14958	7506	5625	5575	5704	16469	15472	7926	6136	6093	6134	15950	7502	6627	6596	6608	6730	9280	6636	6597	5680	5551	5657	6887	6889	11897
14552	12410	11934	10662	10685	11310	11170	10886	10721	10095	6902	5548	5456	5484	12470	11878	10689	10688	11305	11297	10909	10729	10002	7006	5572	5462	5508	12269	10954	10958	11635	11504	11257	10940	10354	7270	5604	5606	5552	11209	11191	11914	11943	11587	11178	10383	7446	5794	5627	5759	16305	13062	11123	10871	10575	9972	6923	5357	5356	5394	13058	11226	10818	10633	10020	6972	5441	5378	5425	11814	11512	11112	10450	7542	5736	5717	5754	11780	11442	10639	7847	5869	5880	5838	12417	11182	8202	6504	6397	6472	11680	7589	7148	6990	7040	6825	10056	7115	7114	5984	5990	6023	7337	7262	12075
13310	13363	13322	12346	12294	13051	13339	13320	13239	12810	6131	4048	4023	4083	13509	13255	12423	12382	12981	13205	13366	13287	12763	6086	4144	4175	4091	13475	12473	12303	13142	13432	13377	13447	12862	6089	4008	4089	4093	12354	12428	12998	13543	13445	13399	12828	6056	4061	4151	4111	13558	13031	12275	12316	12351	11958	5904	4010	4060	4085	13039	12403	12271	12379	11909	5955	4009	4157	4013	13009	13014	12898	12537	6028	4069	4146	4058	13351	13271	12874	5998	4090	4124	4176	13484	12908	6033	4176	4082	4136	12964	6126	4143	4204	4214	6036	4435	4377	4338	3798	3727	3697	4696	4702	8221
12137	11882	11898	10722	10684	11400	11842	11757	11831	11156	5366	3531	3690	3634	11871	12001	10733	10611	11365	11836	11915	11901	11184	5342	3555	3655	3695	12112	10701	10620	11385	11999	11913	11916	11218	5412	3544	3720	3691	10633	10791	11364	12088	11991	11971	11359	5294	3562	3614	3594	12325	11476	10604	10539	10639	10270	5200	3575	3617	3519	11347	10669	10671	10706	10239	5212	3592	3613	3619	11277	11375	11404	10874	5384	3552	3683	3651	11983	11952	11185	5317	3532	3591	3694	12095	11288	5460	3608	3693	3734	11380	5354	3588	3761	3624	5388	3997	4033	3926	3432	3382	3399	4164	4181	7626
16525	14414	13863	12645	12614	13269	12907	12812	12664	12076	8118	6400	6494	6494	14429	13872	12672	12626	13175	12998	12827	12627	12027	8108	6291	6504	6428	14541	12702	12787	13427	13550	13163	12828	12104	8233	6430	6449	6491	12960	12865	13742	13884	13448	13124	12261	8556	6507	6648	6621	18449	15159	12711	12498	12519	11877	8099	6454	6465	6473	15176	12647	12551	12484	11973	8126	6493	6607	6528	13487	13240	13050	12407	8733	6784	6848	6775	13750	13232	12315	8538	6512	6627	6467	14449	13008	9056	7246	7425	7447	13873	8855	8047	8101	8076	8093	11223	8383	8277	7232	7188	7063	8657	8619	13943
13242	11174	10745	9919	9889	10273	10278	9980	9745	9389	5078	3971	3895	3883	11253	10798	9890	9898	10262	10265	10034	9767	9373	5200	3993	3914	3913	11324	10096	10049	10482	10619	10149	9944	9518	5302	4104	4094	4044	10222	10309	10915	10827	10481	10135	9619	5451	4206	4134	4082	14902	11616	10208	9871	9795	9368	5087	3976	3881	3921	11728	10154	9931	9708	9391	5087	3892	3873	3906	10830	10381	10096	9598	5530	4253	4136	4126	10781	10400	9719	5743	4298	4246	4226	11159	10229	6010	4729	4693	4625	10675	5628	5157	5213	5118	4948	7688	5226	5271	4322	4296	4339	5338	5292	9336
13937	14000	13889	12793	12890	13548	13820	14019	13893	13393	6379	4173	4249	4146	13905	13837	12744	12893	13539	13814	13802	13907	13305	6320	4098	4091	4199	14060	12942	12834	13693	13977	13893	13990	13370	6212	4213	4161	4265	12872	12798	13479	14018	14167	14070	13591	6290	4203	4176	4193	14071	13498	12892	12705	12919	12527	6028	4048	4142	4135	13512	12750	12805	12765	12354	6097	4153	4151	4124	13592	13551	13488	13193	6184	4148	4141	4136	14017	14006	13451	6242	4262	4154	4151	13905	13645	6310	4222	4162	4152	13525	6330	4319	4326	4233	6256	4596	4397	4402	3795	3874	3875	4733	4765	8663
16385	14704	14424	13598	13559	13929	13832	13613	13598	13174	5916	4557	4534	4676	14813	14431	13521	13532	13937	13832	13792	13579	13174	5957	4696	4547	4660	14893	13597	13683	14118	14119	13992	13711	13297	6040	4652	4643	4706	13892	13877	14463	14280	14237	14009	13304	6268	4668	4730	4844	17957	15179	13772	13612	13514	13127	5864	4603	4534	4688	15125	13716	13559	13511	13154	5897	4553	4588	4642	14200	13954	13867	13380	6254	4779	4738	4814	14329	14060	13463	6455	4805	4693	4805	14802	13973	6556	5241	5171	5308	14324	6392	5668	5578	5742	5910	7750	5661	5813	4896	4841	4795	5804	5836	10145
11707	11730	11661	10644	10627	11156	11644	11672	11539	11000	4918	3535	3481	3460	11557	11573	10493	10454	11302	11642	11584	11600	10906	5037	3529	3480	3533	11783	10398	10535	11107	11687	11735	11629	11074	5066	3504	3431	3473	10525	10629	11297	11829	11758	11653	11065	5016	3535	3531	3451	12045	11295	10416	10463	10537	10263	5000	3426	3422	3477	11220	10530	10504	10638	10250	5018	3491	3458	3415	11148	11254	11142	10753	5066	3526	3513	3497	11782	11751	11062	5101	3462	3452	3385	11717	11066	5076	3522	3435	3448	11336	5107	3545	3550	3574	5135	3911	3773	3732	3422	3415	3309	4094	4097	7315
18882	17266	16920	16116	16073	16428	16440	16264	16101	15667	6696	5102	5089	5066	17270	16949	16095	16060	16362	16369	16172	16070	15652	6716	5156	5075	5003	17203	16254	16202	16606	16705	16355	16211	15814	6921	5232	5146	5122	16400	16353	16904	16926	16634	16332	15898	7090	5290	5246	5244	20357	17585	16299	16112	15991	15651	6701	5132	5094	5087	17650	16345	16174	16014	15635	6680	5112	5130	5060	16816	16537	16368	15806	7041	5282	5302	5318	16842	16617	15999	7249	5449	5384	5368	17275	16349	7544	5759	5659	5723	16800	7164	6068	6027	6090	6736	8071	6162	6148	5306	5260	5231	6425	6315	10919
13980	13946	13934	12887	12822	13633	13949	13915	13777	13312	5977	3951	3958	3949	14039	13871	12901	12631	13629	13976	13823	13874	13348	6051	4014	3963	3961	13949	12848	12782	13634	13993	13937	13846	13503	5986	3949	3959	3888	13049	13026	13557	14009	13995	13929	13295	6050	3945	3994	3991	14097	13543	13011	12882	12758	12624	5874	3957	3945	3895	13501	12874	12834	12887	12532	5877	4054	3930	3923	13623	13577	13657	13134	5930	4061	3970	3939	14011	13973	13357	5959	4088	3982	3885	14139	13509	6053	4023	4040	3965	13541	6051	4072	4035	3977	5956	4322	4231	4124	3739	3663	3695	4515	4617	8284
17437	15528	15000	13943	13884	14332	14295	14104	13815	13310	7916	6183	6228	6077	15431	15023	13842	13906	14270	14159	14100	13944	13366	7932	6307	6328	6201	15489	14143	14026	14643	14613	14243	14126	13477	8102	6394	6360	6330	14316	14385	15059	15011	14621	14250	13522	8470	6533	6451	6465	19383	16058	14326	14065	13824	13283	7885	6216	6224	6266	16078	14343	14024	13867	13316	7957	6235	6161	6218	14850	14491	14214	13610	8492	6506	6491	6413	14966	14627	13783	8735	6773	6678	6656	15554	14348	9059	7166	7224	7108	14843	8661	7774	7843	7733	7816	10630	7844	7918	6677	6616	6665	7995	8109	13246
14550	11945	11723	10556	10552	10983	10961	10758	10489	10093	5346	4251	4186	4255	12073	11586	10582	10604	10988	10959	10765	10657	10154	5507	4253	4225	4300	12186	10728	10801	11242	11223	11054	10700	10184	5551	4340	4313	4310	10884	10952	11594	11665	11187	10900	10302	5833	4456	4378	4374	16324	12489	10877	10681	10393	10010	5423	4244	4138	4201	12517	10875	10612	10479	10018	5326	4186	4119	4239	11497	11166	10807	10374	5908	4485	4397	4516	11696	11240	10509	6187	4622	4509	4595	12130	11017	6301	5031	5036	5093	11531	5953	5571	5443	5527	5240	8208	5612	5631	4615	4525	4589	5721	5683	9978
13551	13398	13538	12514	12747	13193	13520	13318	13283	12963	5648	3858	3810	3745	13455	13337	12464	12634	13162	13480	13288	13275	12968	5625	3784	3730	3681	13518	12457	12509	13120	13486	13530	13364	13080	5589	3805	3689	3730	12590	12600	13257	13422	13568	13397	13032	5588	3820	3826	3702	13646	13154	12555	12640	12586	12264	5493	3799	3813	3696	13143	12392	12510	12358	12343	5557	3784	3835	3790	13132	13185	13131	12798	5658	3825	3760	3746	13624	13477	13046	5572	3709	3752	3751	13524	13241	5671	3896	3763	3703	13137	5692	3940	3832	3819	5623	4023	3928	3885	3482	3576	3451	4249	4176	7758
18766	16442	16069	15116	15107	15497	15518	15255	15119	14688	5824	4236	4280	4325	16440	16003	15137	15066	15624	15482	15242	15091	14619	5790	4222	4274	4321	16523	15373	15343	15726	15696	15493	15220	14814	5896	4314	4370	4372	15479	15462	15939	15986	15729	15430	14953	6171	4461	4410	4504	20225	16715	15339	15212	15008	14605	5711	4237	4196	4336	16712	15396	15214	15017	14551	5652	4217	4244	4244	15842	15542	15386	14818	6108	4450	4390	4504	16019	15699	15039	6408	4569	4619	4598	16455	15416	6718	4871	5002	4978	15975	6314	5547	5444	5369	5696	7539	5381	5419	4561	4623	4592	5609	5459	9883
13507	11399	11029	10041	10113	10530	10428	10236	9987	9665	4990	3946	3881	3923	11412	10992	10062	10058	10490	10505	10305	10052	9694	5039	3894	3865	3887	11490	10202	10222	10690	10711	10437	10195	9773	5156	3924	3959	3948	10487	10411	10884	10836	10546	10356	9908	5398	3968	4076	4041	15207	11825	10201	10219	10033	9555	4927	3894	3832	3852	11872	10332	10199	10004	9573	4962	3879	3801	3795	10831	10726	10373	9876	5399	4116	4005	4160	10979	10690	10079	5673	4282	4177	4217	11316	10404	5858	4520	4695	4597	10866	5582	4987	5119	5122	4861	7444	5177	5176	4260	4312	4253	5223	5272	9237
15600	13758	13341	12609	12583	13059	12589	12786	12801	12258	5143	3940	3983	4008	13694	13286	12555	12707	13128	12513	12749	12720	12255	5108	3977	3892	3911	14076	12391	12454	12821	13186	13151	12847	12163	4975	3822	3783	3879	12574	12564	13052	13410	13403	12953	12189	5140	3972	3925	3946	17428	14550	12279	12387	12436	12347	5477	4125	4160	4238	14612	12308	12321	12451	12340	5493	4198	4174	4174	12636	12731	12785	12599	5761	4420	4355	4387	13286	12759	12049	4949	3754	3750	3764	13865	12637	5391	4210	4111	4212	13376	5415	4714	4679	4743	5228	6785	5130	5101	4776	4785	4832	5678	5816	10252
13069	12890	12785	11089	11115	11923	12557	12501	12608	11580	5430	3754	3793	3756	12943	12648	11139	11218	12098	12475	12636	12590	11618	5328	3765	3796	3770	12994	11123	10983	11975	12852	12954	12825	11814	5351	3705	3746	3748	10980	10932	12031	12887	12776	12774	11856	5513	3723	3832	3849	13302	12091	10960	10973	11025	10545	5251	3723	3676	3783	12036	10950	10977	11134	10624	5340	3735	3765	3788	11915	11994	12085	11279	5460	3748	3759	3853	12812	12762	11676	5442	3711	3770	3796	12818	11917	5410	3788	3853	3774	12118	5451	3864	3828	3908	5503	4380	4052	4127	3688	3623	3636	4458	4451	8279
11646	11382	11218	9853	9881	10597	11076	11163	11109	10122	5920	4040	4019	4035	11437	11165	9774	9717	10657	11306	11212	11141	10231	5933	4036	4072	4036	11514	9863	9796	10788	11376	11454	11383	10289	6072	4089	4072	4063	9756	9863	10812	11545	11488	11389	10322	5994	4156	4096	4050	12126	10786	9621	9793	9793	9178	5629	4029	3911	3966	10762	9752	9803	9659	9162	5650	3937	3924	3946	10651	10628	10560	9876	5884	4110	4042	3967	11456	11371	10321	5950	4074	4014	4067	11568	10545	6098	4109	4137	4138	10841	6040	4214	4095	4263	5822	4878	4470	4594	3794	3812	3820	4674	4683	8154
16221	14193	13773	12923	12910	13336	13223	13060	12866	12371	6021	4659	4666	4722	14182	13763	12919	12881	13328	13206	13063	12729	12444	6032	4649	4671	4686	14357	13102	13123	13576	13579	13200	13064	12540	6281	4852	4726	4813	13245	13193	13881	13874	13394	13160	12665	6475	4961	4851	4862	17834	14648	13173	12954	12703	12433	6082	4642	4632	4686	14689	13158	12885	12811	12341	6004	4614	4632	4648	13740	13427	13115	12676	6499	4814	4850	4895	13713	13469	12812	6815	4970	4908	5058	14199	13215	6857	5371	5426	5495	13712	6489	5855	5845	5939	5964	8324	5948	5911	5057	4953	5026	6210	6120	10499
15062	14582	14662	12667	12666	13786	14354	14487	14363	13278	6779	4966	5041	5041	14663	14592	12612	12641	13875	14361	14503	14492	13431	6807	5031	5093	5006	14946	12525	12516	13636	14848	14901	14669	13216	6716	4947	4950	4980	12518	12564	13630	14949	14943	14673	13411	6807	4894	4951	5065	15460	14171	12296	12405	12415	12192	6964	5144	5219	5268	14245	12319	12435	12532	12206	6900	5137	5179	5293	13322	13459	13586	13013	7041	5205	5189	5135	14779	14571	13376	6612	4921	4872	4986	14898	13529	6863	5016	5069	5043	13871	6878	5120	5171	5244	6956	5858	5689	5622	5396	5420	5433	6680	6749	11199
13854	11923	11420	10335	10250	10924	10645	10515	10431	9765	6596	5282	5306	5300	11955	11497	10366	10393	10917	10597	10583	10503	9828	6587	5331	5356	5304	12080	10342	10406	10991	11055	10888	10572	9800	6613	5205	5225	5230	10640	10584	11314	11347	11180	10810	9989	6695	5308	5279	5382	15883	12773	10275	10313	10175	9807	6618	5421	5362	5429	12727	10371	10267	10145	9808	6579	5465	5440	5381	10997	10907	10688	10177	7229	5660	5611	5660	11342	10825	9974	6672	5271	5328	5316	11984	10665	7183	5869	5957	5938	11343	7232	6539	6605	6647	6540	9499	6987	6954	6174	6079	6132	7382	7315	12201
13426	13261	13275	11882	11852	12737	13298	13283	13088	12553	5849	3908	4024	3846	13241	13203	11869	11840	12933	13117	13178	13055	12417	5946	3971	3947	3902	13370	12010	11898	12846	13436	13478	13254	12586	5840	3950	3960	3881	11865	11898	12673	13443	13490	13389	12458	5901	3900	4004	3933	13648	12811	11968	11960	11903	11503	5724	3849	3865	3840	12852	11917	11764	11799	11422	5877	3890	3917	3898	12824	12739	12686	12014	5802	3921	3949	3942	13473	13247	12496	5922	3931	3902	3938	13400	12552	5968	3954	3982	3940	12655	5887	3917	3965	4022	5932	4351	4247	4200	3558	3707	3638	4492	4502	8202
15191	12760	12354	11198	11221	11721	11584	11266	11190	10559	6197	4827	4830	4777	12708	12320	11225	11128	11598	11521	11358	11111	10582	6082	4812	4827	4771	12704	11423	11431	11883	11851	11596	11329	10690	6323	4877	5052	5007	11586	11573	12324	12243	11829	11552	10830	6667	5078	5117	5068	16980	13176	11509	11231	11049	10648	6051	4740	4790	4754	13206	11545	11220	11067	10522	5982	4781	4756	4762	12193	11726	11530	10903	6620	4990	5063	5045	12227	11879	11213	7030	5287	5211	5267	12745	11613	7265	5690	5762	5787	12158	6865	6198	6377	6358	5956	9276	6453	6372	5363	5355	5274	6422	6473	11101
14357	12347	11995	11065	11037	11529	11446	11225	11110	10619	6026	4666	4596	4648	12517	11968	11083	11017	11591	11439	11247	11054	10654	6103	4615	4627	4657	12612	11225	11238	11833	11689	11418	11148	10723	6222	4684	4686	4812	11440	11413	12051	12097	11691	11454	10878	6394	4901	4827	4885	16002	12909	11367	11059	10934	10457	5883	4510	4546	4671	12977	11320	11061	10999	10571	5883	4546	4537	4762	11900	11620	11312	10925	6444	4896	4740	4827	12038	11641	10929	6587	4932	4971	5011	12484	11488	6858	5368	5359	5467	11995	6610	5948	5904	5982	5817	8497	6007	6006	5017	5123	5136	6145	6083	10391
18318	16089	15482	14235	14253	14851	14898	14526	14135	13547	10006	8092	7961	7963	16119	15500	14169	14179	14916	14856	14544	14248	13512	10005	8035	7989	7860	16098	14422	14454	15185	15229	14716	14525	13694	10276	8291	8131	8129	14778	14737	15538	15499	15066	14732	13908	10437	8462	8356	8271	20140	16816	14673	14297	14152	13434	9837	8052	7949	7987	16803	14655	14275	14204	13488	9889	8021	8004	7882	15472	15052	14607	13870	10412	8477	8318	8297	15479	15145	14178	11054	8584	8552	8528	16190	14755	11248	9247	9196	9158	15493	10730	9899	9966	9874	9746	13137	9913	9896	8589	8661	8615	10171	10203	15634
11067	11055	10847	9564	9572	10300	10856	10780	10850	9969	5426	3710	3677	3708	10941	10927	9584	9649	10459	10840	10671	10695	9949	5433	3712	3665	3783	11096	9616	9556	10467	10976	10935	10887	10090	5475	3730	3620	3657	9605	9601	10309	11026	11071	10972	10116	5475	3788	3661	3635	11473	10403	9543	9516	9429	8983	5245	3658	3646	3586	10399	9601	9551	9534	8949	5249	3583	3638	3602	10377	10346	10413	9583	5393	3620	3638	3667	10896	11012	10154	5470	3726	3690	3660	10934	10149	5524	3676	3720	3736	10431	5622	3838	3727	3796	5508	4365	4002	4090	3430	3394	3470	4198	4131	7572
15994	13878	13635	12713	12763	13124	13151	12860	12691	12348	4819	3679	3674	3642	13833	13732	12754	12618	13199	13113	12822	12656	12323	4817	3684	3655	3666	13981	12849	12852	13363	13387	13052	12865	12445	5007	3708	3714	3781	12917	12995	13634	13610	13207	13037	12542	5159	3902	3911	3885	17538	14386	12994	12732	12562	12202	4729	3647	3575	3586	14245	13008	12693	12595	12288	4727	3601	3627	3715	13560	13160	12993	12463	5229	3866	3802	3873	13581	13221	12609	5452	3921	4021	3950	13984	13065	5575	4369	4290	4297	13389	5294	4709	4762	4715	4726	6934	4676	4686	3979	3974	3886	4811	4834	8685
11677	9406	8973	7690	7716	8238	8179	7867	7613	7171	5864	4836	4823	4829	9477	8913	7775	7734	8188	8157	7829	7752	7144	5885	4747	4838	4882	9463	7885	7959	8590	8595	8174	7861	7213	6175	4873	5063	5026	8240	8182	8961	8908	8514	8037	7339	6514	4982	5139	5084	13670	10020	8031	7722	7463	7069	5779	4673	4809	4657	10043	8084	7688	7517	7034	5748	4729	4796	4671	8785	8368	8113	7433	6363	5136	5158	5083	8817	8388	7473	6871	5209	5246	5176	9467	8100	6962	5715	5757	5886	8743	6529	6406	6436	6515	5731	9614	6642	6606	5408	5454	5393	6556	6599	11029
12225	10223	9868	8700	8627	9211	9164	8899	8719	8124	5835	4778	4705	4736	10227	9873	8649	8600	9175	9122	8933	8664	8134	5991	4658	4699	4657	10175	8857	8846	9569	9518	9083	8955	8263	5967	4892	4771	4865	9148	9074	9772	9881	9411	9101	8479	6212	4947	4954	4880	14101	10875	8891	8723	8579	8098	5709	4732	4686	4588	10876	8837	8694	8604	8034	5734	4608	4657	4688	9707	9413	9139	8467	6351	5078	4964	4984	9739	9406	8683	6502	5109	5093	5113	10284	9202	6764	5630	5530	5524	9854	6497	6297	6089	6232	5724	9107	6336	6330	5389	5341	5297	6295	6384	10822
14984	13293	12846	12015	12020	12413	12108	12199	12106	11568	5438	4284	4165	4187	13214	12838	11957	12014	12473	12069	12217	12086	11615	5330	4161	4099	4147	13447	11897	11862	12404	12550	12451	12187	11586	5246	4273	4090	4163	11957	12026	12440	12826	12698	12258	11674	5424	4245	4174	4123	16692	14055	11757	11784	11935	11662	5562	4379	4410	4438	14022	11680	11805	11978	11697	5573	4443	4394	4443	12096	12216	12282	11933	5875	4620	4534	4528	12775	12240	11546	5255	4089	4115	4097	13165	12158	5749	4560	4555	4587	12779	5723	5159	5071	5001	5391	7448	5416	5413	5010	5037	4956	6005	6041	10481
12843	10805	10175	8957	9001	9537	9407	9137	8947	8253	6936	5606	5566	5655	10815	10197	8898	8907	9474	9367	9111	8911	8301	6960	5560	5643	5687	10803	9175	9270	9946	9802	9449	9213	8420	7231	5696	5835	5787	9543	9444	10350	10145	9756	9360	8642	7493	5950	5936	5944	15002	11488	9279	9068	8874	8371	6769	5494	5546	5502	11450	9387	9036	8778	8260	6772	5523	5511	5526	10136	9660	9434	8732	7402	5796	5888	5913	10166	9698	8881	7864	5972	6085	6063	10733	9482	8128	6660	6693	6677	10295	7696	7401	7462	7488	6768	10699	7513	7573	6328	6286	6342	7570	7568	12391
13521	13263	13249	11752	11836	12675	13105	13108	13008	12302	6205	4247	4197	4296	13284	13144	11802	11697	12553	13047	12965	12996	12160	6302	4320	4207	4288	13380	11927	11852	12815	13343	13260	13263	12293	6314	4181	4211	4329	11820	11818	12756	13225	13238	13258	12374	6258	4231	4217	4258	13595	12590	11861	11783	11724	11263	6099	4140	4193	4237	12662	11736	11761	11668	11064	6089	4161	4160	4149	12569	12683	12521	11977	6253	4273	4194	4274	13207	13093	12303	6299	4227	4140	4274	13179	12497	6337	4219	4281	4273	12609	6418	4233	4226	4360	6323	4830	4514	4562	3946	3930	3981	4794	4832	8490
17504	15592	15284	14406	14425	14812	14789	14549	14386	14019	5618	4265	4264	4183	15659	15419	14453	14507	14874	14726	14541	14425	13985	5612	4209	4331	4188	15651	14602	14558	15027	15040	14775	14528	14126	5753	4368	4374	4395	14629	14729	15304	15343	14887	14774	14276	6057	4411	4560	4475	19044	16040	14710	14459	14278	13939	5531	4285	4235	4168	16101	14715	14487	14243	13986	5610	4184	4240	4200	15188	14900	14628	14150	6038	4469	4517	4546	15307	14950	14325	6242	4631	4598	4539	15716	14702	6402	4949	4892	4934	15151	6154	5457	5434	5273	5515	7595	5495	5333	4554	4537	4535	5570	5571	9760
12719	12551	12538	11622	11535	12282	12520	12583	12625	11951	5735	3809	3805	3882	12757	12553	11616	11559	12169	12549	12513	12524	11981	5730	3837	3790	3874	12515	11521	11646	12315	12722	12714	12613	12124	5776	3812	3821	3788	11649	11630	12178	12718	12464	12546	12057	5738	3917	3844	3860	12822	12282	11661	11646	11634	11347	5563	3878	3835	3750	12130	11768	11593	11594	11189	5561	3828	3819	3773	12009	12164	12248	11773	5696	3814	3782	3834	12701	12661	12093	5689	3867	3766	3817	12671	12093	5725	3935	3795	3843	12172	5720	3925	3919	3918	5681	4139	4034	4096	3515	3528	3504	4354	4378	7799
13103	10756	10284	8716	8734	9417	9375	8886	8663	7843	7668	6192	6159	6148	10864	10224	8684	8683	9355	9271	8958	8613	7980	7628	6240	6178	6244	10926	9006	8994	9822	9728	9220	8929	8098	7921	6383	6292	6394	9349	9241	10267	10133	9649	9370	8366	8216	6674	6602	6561	15217	11449	9228	8851	8530	8028	7469	6238	6182	6200	11490	9255	8846	8619	7908	7531	6208	6261	6133	10134	9728	9117	8350	8275	6666	6514	6544	9947	9596	8561	8698	6857	6703	6759	10802	9349	8999	7502	7599	7497	10130	8482	8255	8188	8346	7414	12063	8510	8376	7052	7000	7069	8437	8409	13542
14541	14461	14297	13428	13344	14098	14337	14329	14318	13834	6206	4255	4195	4136	14381	14468	13354	13387	14012	14346	14508	14248	13866	6125	4151	4199	4176	14554	13481	13353	13992	14410	14366	14395	13815	6167	4227	4180	4046	13450	13299	14095	14578	14399	14330	13883	6174	4141	4173	4074	14605	13937	13341	13408	13292	12933	5997	4091	4062	3996	13875	13293	13269	13499	12980	6004	4149	4143	4075	14078	14035	14085	13644	6143	4226	4174	4110	14356	14364	13819	6241	4192	4183	4111	14499	13971	6125	4225	4187	4117	13948	6220	4263	4247	4223	6093	4601	4297	4230	3753	3700	3772	4741	4696	8492
13523	13251	13286	11451	11398	12520	13056	12941	12864	12044	6744	4548	4631	4681	13281	13083	11466	11570	12467	13089	13018	12991	11934	6813	4640	4610	4599	13411	11574	11648	12571	13437	13328	13164	12122	6798	4713	4718	4664	11577	11540	12425	13539	13293	13183	12148	6787	4692	4669	4605	13869	12478	11399	11465	11463	10797	6418	4543	4516	4561	12492	11555	11520	11443	10901	6510	4572	4550	4498	12520	12452	12319	11691	6722	4616	4615	4554	13417	13225	12063	6822	4695	4699	4646	13208	12197	6857	4690	4721	4741	12483	6914	4795	4852	4784	6718	5504	5185	5081	4294	4343	4370	5390	5380	9354
15008	12994	12552	11411	11383	11921	11765	11568	11458	10810	5990	4791	4605	4693	13041	12405	11373	11382	11829	11739	11558	11321	10775	5963	4700	4638	4747	13137	11576	11604	12151	12090	11817	11587	10982	6167	4807	4731	4760	11747	11818	12446	12493	11990	11853	11107	6418	4753	4789	4818	17209	13599	11551	11382	11234	10894	5858	4705	4658	4713	13645	11515	11385	11341	10799	5912	4743	4588	4733	12196	11887	11680	11109	6465	4979	4864	5035	12385	11952	11116	6437	4956	4882	4992	12992	11835	6792	5472	5467	5597	12500	6610	6285	6068	6060	5828	9075	6283	6431	5318	5207	5276	6409	6582	11312
15809	13930	13614	12817	12852	13144	13180	12956	12899	12447	5308	4007	3957	3975	13964	13677	12913	12838	13172	13149	12957	12853	12454	5323	4000	4046	4038	13988	12964	12987	13354	13414	13190	12973	12618	5483	4079	4095	4016	13208	13182	13657	13694	13341	13115	12715	5617	4159	4182	4162	17244	14251	13069	12992	12772	12443	5279	4022	3996	3947	14289	13086	12869	12743	12396	5321	3965	4040	3957	13472	13303	13022	12611	5626	4155	4076	4134	13630	13340	12783	5877	4206	4286	4272	14018	13127	5996	4628	4604	4660	13481	5711	5011	4928	4945	5186	6968	5001	4976	4194	4246	4294	5191	5288	9074
12378	10261	9708	8334	8367	8933	8741	8406	8273	7543	6828	5386	5480	5500	10200	9631	8381	8349	9020	8767	8522	8223	7570	6788	5501	5450	5516	10222	8601	8642	9259	9266	8695	8446	7672	7181	5629	5686	5614	8886	8963	9683	9658	9183	8758	7865	7411	5876	5742	5787	14469	10908	8718	8281	8179	7582	6654	5455	5523	5455	10972	8702	8356	8111	7566	6740	5497	5441	5448	9588	9038	8715	7855	7372	5878	5841	5831	9548	9060	8097	7931	5929	5974	5981	10147	8815	8196	6652	6594	6690	9466	7602	7374	7454	7415	6615	10729	7421	7366	6222	6193	6181	7420	7523	12396
10749	10392	10262	8558	8556	9408	9922	10131	9922	8691	5794	4006	3987	4018	10369	10276	8602	8558	9529	9882	10049	9787	8841	5841	4001	3998	3974	10691	8734	8731	9644	10586	10386	10111	8959	5893	4051	4090	4026	8696	8718	9771	10641	10669	10193	9000	5880	4053	4082	4020	11478	9926	8717	8625	8528	7743	5407	3827	3882	3922	9868	8673	8558	8452	7798	5430	3920	3891	3790	9645	9559	9438	8399	5799	3921	3947	3984	10578	10392	9007	6018	4050	4078	4054	10534	9369	5962	4106	4219	4127	9483	5995	4302	4292	4282	5744	5325	4701	4771	3780	3818	3707	4637	4738	8339
17747	15365	14870	13391	13426	14005	13997	13643	13488	12725	9377	7427	7419	7398	15331	14952	13489	13450	14187	14154	13721	13393	12695	9438	7463	7411	7366	15429	13622	13591	14430	14396	13947	13711	12943	9672	7614	7517	7524	14012	14034	14918	14808	14335	13889	13129	9959	7767	7791	7649	19447	15996	13952	13566	13369	12761	9090	7379	7343	7346	15958	13790	13468	13265	12714	9150	7430	7379	7271	14706	14214	13922	13142	9916	7784	7692	7710	14709	14317	13378	10338	7956	7911	7961	15357	14019	10669	8522	8582	8609	14719	10201	9255	9272	9242	9163	12615	9429	9377	7959	7920	8005	9583	9627	14880
14538	12351	11751	10483	10450	11151	11245	10854	10459	9927	7135	5650	5799	5793	12282	11780	10503	10536	11190	11038	10699	10574	9958	7141	5618	5793	5645	12196	10760	10752	11471	11327	11069	10776	10063	7374	5927	5937	5773	11025	11091	11835	11891	11295	10937	10198	7691	5945	6019	5977	16502	12867	10933	10575	10321	9859	6996	5627	5660	5668	12954	10971	10614	10369	9790	6980	5604	5661	5602	11716	11252	10885	10104	7681	5982	5938	5900	11725	11266	10438	8193	6160	6274	6224	12431	11033	8258	6787	6885	6780	11711	7794	7373	7443	7486	6920	10616	7510	7468	6266	6270	6250	7469	7621	12636
14715	12675	12098	11048	10914	11473	11508	11191	10987	10424	6750	5409	5358	5362	12676	12247	11036	11012	11377	11475	11099	10893	10301	6755	5352	5222	5343	12556	11160	11132	11704	11834	11465	11073	10542	6874	5395	5373	5469	11300	11411	11950	12082	11668	11261	10698	7151	5618	5600	5637	16579	13199	11354	11074	10840	10362	6650	5290	5315	5241	13133	11318	10957	10851	10360	6585	5313	5332	5302	11975	11549	11305	10630	7187	5517	5633	5627	11922	11528	10892	7580	5735	5711	5828	12479	11295	7774	6216	6268	6284	11942	7505	6834	6886	6918	6498	9734	6923	6931	5775	5821	5781	7035	7054	11908
13521	13298	13280	11647	11708	12612	13116	13154	12975	12055	6862	4711	4790	4738	13283	13200	11860	11688	12718	13163	13186	13108	12070	6873	4629	4803	4745	13403	11691	11793	12733	13239	13336	13210	12170	6868	4656	4741	4708	11745	11684	12757	13266	13332	13189	12338	6972	4689	4820	4754	13787	12686	11709	11568	11681	11070	6643	4627	4701	4691	12683	11614	11676	11729	11119	6657	4623	4682	4685	12547	12570	12663	11731	6757	4675	4739	4675	13302	13284	12278	6840	4678	4695	4707	13266	12448	6943	4727	4784	4828	12668	6912	4859	4859	4865	6800	5523	5253	5239	4389	4378	4407	5371	5292	9363
13805	13416	13187	11588	11435	12569	13192	13055	13025	11921	6914	4681	4692	4612	13352	13225	11434	11416	12626	13042	13111	13076	11999	6882	4838	4672	4635	13641	11505	11381	12676	13487	13456	13293	12167	6962	4755	4626	4620	11664	11601	12670	13621	13412	13334	12142	6954	4785	4760	4626	14129	12809	11501	11421	11543	10764	6642	4644	4629	4548	12733	11616	11332	11332	10734	6634	4697	4614	4549	12560	12573	12498	11453	6872	4798	4672	4692	13337	13271	12030	6940	4747	4746	4717	13516	12302	6990	4765	4785	4627	12511	7042	4992	4910	4840	6800	5729	5262	5125	4372	4490	4318	5387	5438	9759
15563	13320	13068	11794	11717	12269	12152	11882	11725	11128	6122	4681	4781	4791	13320	12972	11749	11721	12189	12132	11923	11764	11146	6046	4713	4854	4696	13536	11886	11850	12414	12638	12113	11902	11234	6261	4851	4847	4827	12035	12060	12753	12802	12491	12163	11442	6445	4990	4918	4847	17771	14003	11943	11639	11545	11164	5989	4724	4762	4705	14116	11899	11707	11642	11061	5949	4788	4756	4680	12551	12202	12131	11368	6580	5061	5040	5055	12935	12323	11539	6554	4938	5014	4840	13422	12114	7006	5595	5610	5377	12824	6772	6359	6150	6026	5927	9312	6418	6371	5286	5316	5341	6494	6533	11635
11498	10433	10185	8214	8289	9295	9775	9613	9277	8151	6940	5002	4993	4991	10572	10172	8270	8287	9378	9856	9678	9470	8208	6930	5094	4980	5071	10846	8511	8451	9556	10351	10273	9908	8480	7177	5082	5089	5103	8606	8656	9810	10568	10368	10000	8599	7300	5089	5136	5201	12556	10335	8338	8385	8114	7359	6428	4847	4783	4782	10182	8380	8281	8021	7316	6312	4761	4705	4750	9576	9507	9101	8113	6867	4990	4980	4934	10533	10304	8596	7412	5221	5171	5204	10610	8958	7672	5355	5372	5429	9480	7344	5701	5774	5730	6718	7567	6246	6350	4928	4959	4940	6041	6015	10478
14242	11873	11454	10089	10063	10735	10628	10297	10107	9542	7353	5998	6004	6032	12052	11591	10100	10135	10636	10593	10357	10155	9500	7405	5945	5947	5967	11893	10299	10417	11010	10892	10666	10227	9624	7647	6060	6050	6070	10595	10573	11403	11435	10891	10508	9849	7931	6225	6151	6269	16213	12732	10475	10138	9943	9391	7258	5860	5926	5936	12655	10466	10132	10021	9489	7396	5958	5791	5899	11233	10789	10569	9778	7864	6213	6253	6146	11235	10861	9993	8268	6537	6468	6401	12013	10612	8605	7003	6991	7092	11360	8071	7756	7690	7629	7112	11009	7884	7812	6568	6572	6572	7943	7941	13066
15833	13969	13659	12786	12841	13111	13137	12941	12820	12420	4732	3708	3696	3606	13988	13773	12852	12767	13172	13122	12878	12773	12437	4737	3667	3704	3651	14034	13002	12986	13419	13359	13110	13015	12515	4979	3760	3696	3699	13069	13106	13607	13674	13340	13166	12573	5067	3786	3730	3752	17292	14343	13028	12876	12745	12364	4666	3636	3619	3586	14292	13052	12838	12713	12310	4700	3544	3591	3647	13498	13257	13082	12584	5045	3840	3766	3701	13616	13331	12765	5251	3913	3877	3894	14058	13213	5518	4367	4260	4256	13521	5189	4622	4694	4623	4593	6701	4653	4553	3950	3842	3937	4876	4884	8625
13387	11345	10920	9824	9789	10377	10246	9990	9833	9187	6297	5078	4916	4989	11428	10949	9899	9824	10316	10375	10113	9782	9290	6362	4988	4980	5039	11550	10060	9927	10668	10672	10185	10008	9392	6591	5129	5035	5115	10271	10264	11009	10985	10575	10329	9399	6769	5201	5229	5226	15430	12120	10075	9879	9764	9229	6277	4895	4995	4976	12049	10152	9706	9703	9167	6304	4840	5019	4849	10842	10404	10112	9477	6797	5266	5256	5168	10857	10428	9670	7008	5267	5356	5379	11511	10222	7220	5869	5895	5895	10887	7098	6514	6553	6570	6110	9331	6592	6618	5493	5463	5544	6779	6830	11385
18384	16567	16270	15285	15256	15685	15440	15391	15202	14823	6747	5257	5144	5172	16551	16128	15270	15216	15682	15389	15329	15302	14817	6791	5237	5121	5144	16682	15337	15247	15931	15870	15708	15387	14865	6830	5239	5151	5078	15449	15531	16122	16217	16029	15552	14983	6990	5283	5213	5245	20172	17308	15241	15234	15178	14838	6896	5272	5168	5212	17362	15261	15220	15163	14787	6821	5356	5172	5236	15823	15655	15610	15064	7319	5532	5482	5389	16139	15724	14991	7087	5256	5307	5260	16718	15587	7340	5867	5718	5676	16082	7212	6328	6350	6385	6775	8857	6429	6550	5692	5735	5682	6946	6992	11883
12429	10590	9936	8802	8782	9366	9183	9080	8732	8176	6648	5217	5277	5354	10508	9963	8758	8696	9334	9213	9019	8793	8218	6633	5377	5274	5364	10473	9039	8974	9667	9663	9322	9094	8383	6755	5430	5471	5503	9180	9133	9939	9978	9508	9302	8566	7032	5630	5568	5585	14673	11319	9016	8791	8668	8105	6431	5197	5324	5406	11305	9050	8876	8604	8029	6492	5271	5300	5340	9899	9554	9182	8490	7105	5661	5559	5692	9901	9564	8615	7339	5580	5674	5589	10536	9322	7726	6346	6371	6374	10022	7297	7002	7047	6948	6398	10229	7142	7102	5948	5953	5948	7252	7127	11988
18004	16237	15839	15004	14920	15466	15203	15194	15116	14681	6576	5138	4954	4985	16260	15881	14974	15048	15521	15163	15137	15110	14667	6620	5088	5059	5042	16279	15054	15044	15475	15622	15360	15146	14650	6579	5028	5004	4967	15141	15254	15714	15861	15595	15420	14685	6674	5111	4988	4974	19819	17062	14953	14964	14921	14549	6691	5130	5178	5045	16965	14903	14948	14867	14533	6718	5203	5181	5089	15381	15395	15380	14858	7191	5331	5395	5306	15732	15395	14697	6718	5066	5037	5028	16358	15309	7161	5512	5574	5571	15930	7113	6170	6116	6015	6633	8531	6252	6330	5675	5771	5676	6932	6875	11678
12910	10742	10265	9306	9204	9703	9680	9454	9235	8729	5395	4149	4282	4235	10692	10217	9278	9276	9720	9591	9378	9171	8675	5364	4195	4195	4204	10847	9480	9376	10086	9933	9651	9500	8808	5578	4327	4270	4299	9694	9561	10244	10238	9890	9654	9014	5980	4429	4387	4441	14721	11230	9567	9326	9175	8608	5287	4140	4253	4210	11172	9585	9245	9049	8675	5308	4123	4089	4143	10155	9843	9462	8972	5774	4403	4307	4377	10230	10068	9134	6183	4581	4545	4552	10699	9671	6436	4937	5038	5023	10112	6020	5455	5580	5587	5189	8322	5619	5701	4599	4643	4699	5762	5750	9881
13743	13486	13390	11926	11783	12737	13256	13204	13093	12168	6906	4817	4748	4821	13337	13365	11762	11663	12766	13095	13101	13193	12178	6921	4751	4793	4792	13563	11816	11879	12732	13586	13434	13408	12270	6894	4766	4807	4838	11930	11782	12934	13585	13572	13359	12320	7021	4787	4761	4877	13988	12660	11684	11702	11622	11087	6662	4724	4696	4783	12727	11697	11699	11694	10976	6689	4731	4684	4701	12752	12788	12673	11964	6907	4777	4834	4872	13442	13382	12299	6931	4720	4682	4849	13497	12434	6976	4803	4785	4906	12711	7049	4955	4965	5046	6856	5594	5292	5392	4472	4613	4545	5445	5464	9605
13288	13022	12848	11339	11276	12262	12594	12882	12652	11725	6648	4416	4544	4552	12937	12847	11334	11325	12344	12846	12790	12688	11577	6662	4309	4453	4488	13021	11506	11424	12357	12996	13029	12717	11930	6583	4326	4445	4563	11545	11246	12493	13061	13034	12891	11952	6743	4369	4485	4492	13521	12482	11351	11360	11250	10744	6304	4348	4342	4507	12459	11347	11226	11230	10629	6225	4333	4337	4502	12329	12266	12121	11376	6544	4376	4491	4563	13096	12968	11921	6746	4433	4549	4515	12967	12060	6779	4348	4568	4618	12302	6781	4529	4609	4649	6563	5164	4926	4969	4105	4197	4151	5051	5117	9080
11813	11626	11563	10117	10118	11046	11533	11477	11403	10689	5728	3839	3883	3841	11601	11688	10206	10112	10969	11536	11454	11380	10550	5653	3806	3827	3837	11661	10025	10288	11094	11755	11756	11587	10758	5720	3848	3934	3869	10068	10111	11008	11644	11683	11682	10661	5654	3911	3901	3830	12083	11057	10130	10110	10062	9618	5450	3743	3814	3815	10975	10157	10109	9988	9515	5492	3777	3704	3778	10951	11028	11015	10335	5593	3745	3890	3858	11724	11557	10752	5605	3820	3952	3902	11816	10769	5660	3847	3912	3904	10990	5699	3872	4012	4014	5686	4598	4295	4232	3531	3454	3491	4364	4315	7812
18489	16408	15870	14868	14779	15372	15239	15027	14794	14220	8696	6795	6889	6885	16449	15980	14798	14860	15342	15362	15029	14726	14356	8791	6882	6951	6840	16480	15013	14959	15657	15622	15390	15002	14353	8920	6979	7007	6980	15239	15299	15936	15986	15540	15154	14429	9229	7036	7147	7171	20102	16940	15168	14991	14726	14218	8687	6799	6885	6896	16950	15153	14889	14657	14147	8560	6776	6904	6903	15990	15493	15201	14340	9224	7061	7292	7241	15906	15541	14677	9561	7283	7206	7215	16415	15302	9810	7845	7818	7800	15795	9344	8342	8367	8372	8568	11153	8438	8472	7272	7322	7219	8658	8680	13940
13261	12997	12704	11089	11210	12135	12688	12634	12534	11441	7228	5124	5032	4985	12938	12894	11155	11086	12166	12796	12699	12473	11471	7281	5128	5033	4988	13111	11205	11215	12451	13132	13046	12672	11564	7302	5159	5150	5135	11185	11258	12371	13122	12992	12787	11731	7409	5239	5097	5128	13849	12459	11135	11143	10855	10289	6959	4949	4932	4977	12428	11171	11135	10982	10309	6935	5110	4973	4975	12125	12258	11981	11175	7148	5121	5061	5052	13194	12924	11679	7390	5198	5132	5098	12955	11893	7465	5320	5202	5217	12150	7367	5502	5344	5249	7273	6354	5767	5719	4750	4716	4742	5782	5861	10028
15342	13130	12781	11870	11883	12288	12241	11961	11891	11476	5271	4101	4076	4099	13123	12772	11898	11878	12228	12225	12057	11932	11375	5362	4056	4040	4047	13179	12029	12052	12586	12545	12297	12066	11534	5551	4216	4173	4247	12216	12286	12738	12785	12512	12181	11661	5707	4310	4290	4275	16866	13571	12167	11935	11793	11376	5202	4050	4039	4028	13660	12251	11946	11833	11308	5270	4057	4020	4033	12690	12291	12100	11626	5702	4218	4202	4207	12690	12422	11906	6004	4367	4377	4318	13130	12298	6190	4792	4742	4878	12709	5921	5314	5091	5212	5216	7614	5285	5290	4408	4431	4523	5352	5492	9465
16714	15045	14748	13838	13811	14191	13984	13893	13910	13434	6251	4881	4907	4932	14953	14772	13861	13855	14251	13969	13990	13900	13427	6355	4837	4822	4859	15196	13801	13755	14201	14415	14199	13881	13346	6254	4807	4828	4822	13963	13942	14553	14609	14496	14164	13506	6449	4865	4898	4866	18445	15820	13768	13772	13665	13489	6515	4980	4890	4984	15834	13822	13771	13779	13405	6486	5019	4971	4991	14230	14151	14053	13748	6928	5206	5136	5225	14595	14240	13526	6545	4918	4875	4929	15198	14039	6893	5340	5366	5346	14659	6767	5825	5874	5949	6306	8198	6058	6073	5460	5409	5410	6533	6581	11147
17661	15885	15466	14460	14417	14960	14977	14724	14482	13873	7023	5408	5318	5356	15957	15596	14470	14436	14916	14888	14682	14516	13990	6949	5392	5383	5415	15924	14731	14648	15185	15252	15011	14640	14179	7169	5437	5488	5374	14881	14833	15409	15475	15168	14796	14231	7428	5506	5528	5524	19279	16410	14747	14516	14373	13999	6986	5397	5384	5432	16422	14715	14560	14325	13997	6980	5333	5344	5425	15283	15018	14741	14216	7441	5612	5600	5623	15303	15052	14408	7572	5673	5722	5577	15855	14869	7828	6162	6038	6105	15368	7554	6672	6723	6705	6906	9055	6664	6660	5816	5879	5686	6896	7008	11573
12257	10537	10046	9077	9001	9548	9308	9232	9043	8532	5349	4209	4284	4317	10432	9985	9066	9008	9534	9380	9212	8969	8548	5371	4273	4201	4234	10480	9206	9237	9691	9727	9443	9225	8757	5438	4294	4256	4244	9340	9363	10054	10064	9678	9429	8787	5580	4451	4375	4425	14209	11093	9105	8956	8996	8450	5364	4195	4236	4267	11096	9166	9094	9037	8510	5335	4200	4263	4258	9647	9484	9416	8881	5785	4498	4509	4503	9993	9560	8951	5745	4412	4395	4406	10411	9366	6095	4963	4949	4899	10021	5919	5578	5502	5564	5301	8371	5759	5642	4856	4826	4793	5858	5921	10166
14095	12212	11735	10793	10740	11122	11132	10955	10693	10396	5324	4091	4066	4043	12051	11682	10746	10715	11180	11336	10985	10744	10318	5276	4037	4150	4024	12190	10890	10964	11395	11473	11110	10857	10380	5498	4151	4194	4168	11183	11146	11795	11748	11338	11147	10503	5741	4274	4361	4304	15795	12613	11076	10862	10699	10183	5308	4003	4043	3950	12717	11037	10896	10692	10200	5294	3982	4000	3991	11698	11256	11069	10505	5652	4298	4279	4331	11759	11427	10779	6164	4440	4428	4403	12153	11047	6119	4794	4886	4779	11575	5918	5308	5355	5288	5198	7723	5350	5292	4424	4596	4451	5427	5456	9741
14055	13941	13884	12908	12833	13533	13867	13904	13919	13323	6345	4330	4386	4472	13869	13843	12806	12837	13412	13899	13971	13817	13372	6342	4353	4394	4482	13978	12878	12811	13544	14034	13880	13831	13511	6388	4322	4400	4414	12917	12845	13580	13934	13861	13753	13415	6417	4361	4416	4454	14166	13424	12728	12836	12790	12395	6319	4273	4412	4293	13377	12814	12792	12753	12466	6407	4297	4403	4330	13513	13357	13483	13088	6351	4249	4381	4467	14063	14022	13461	6398	4396	4344	4503	14110	13533	6492	4385	4338	4411	13536	6418	4375	4424	4483	6464	4719	4614	4627	4038	4040	3999	4996	4934	8826
15620	12977	12612	11702	11641	12237	12091	11810	11662	11278	5035	3782	3735	3860	13011	12711	11695	11681	12125	12117	11872	11625	11306	5033	3812	3751	3830	13016	11852	11906	12384	12395	12041	11854	11358	5269	3933	3898	3933	12064	12028	12655	12612	12272	11999	11480	5457	4029	3965	4083	17049	13541	12000	11850	11698	11279	4965	3833	3742	3843	13433	11978	11798	11559	11190	4984	3862	3704	3825	12557	12151	12044	11448	5356	4075	3946	4040	12585	12264	11595	5715	4261	4109	4188	13147	12071	5837	4599	4560	4521	12474	5588	5068	5011	5004	4822	7371	5007	5073	4209	4180	4249	5156	5144	9212
18447	16716	16265	15243	15172	15644	15550	15377	15132	14718	8386	6481	6523	6523	16732	16339	15247	15236	15585	15589	15460	15124	14630	8427	6520	6550	6514	16774	15396	15358	15864	15924	15710	15269	14835	8558	6578	6502	6545	15575	15533	16237	16233	15876	15553	14935	8711	6680	6646	6709	20182	17279	15345	15094	15136	14697	8401	6596	6529	6517	17264	15384	15174	15031	14615	8467	6578	6540	6567	15928	15728	15569	14914	8901	6745	6753	6807	16120	15740	14954	8805	6645	6679	6781	16651	15563	9155	7333	7160	7305	16135	8964	7902	7814	7895	8235	10464	7912	8004	7045	6964	6977	8362	8472	13569
13554	11603	11293	10478	10494	10823	10851	10612	10520	10090	4261	3261	3261	3202	11540	11314	10459	10493	10853	10782	10513	10443	10042	4302	3268	3259	3224	11665	10568	10638	11005	11101	10798	10702	10267	4557	3375	3343	3368	10774	10810	11260	11257	10963	10753	10290	4627	3459	3382	3417	15026	11893	10645	10556	10507	10102	4298	3294	3219	3249	11930	10632	10539	10449	10100	4267	3260	3235	3253	11181	10974	10741	10365	4562	3518	3423	3434	11259	10892	10461	4890	3605	3524	3569	11637	10776	5123	3976	3901	3813	11234	4788	4202	4265	4261	4242	6275	4288	4278	3528	3580	3558	4276	4361	7816
14982	12500	12077	10995	10972	11411	11400	11183	10889	10449	5598	4331	4422	4411	12435	12120	10986	10984	11542	11385	11200	10945	10432	5779	4305	4311	4271	12553	11278	11186	11818	11722	11495	11140	10576	5910	4469	4495	4501	11430	11491	12119	12150	11692	11445	10808	6076	4612	4638	4518	16804	13068	11372	11059	10893	10399	5505	4375	4427	4277	13057	11278	11176	11008	10387	5627	4292	4427	4423	11969	11601	11292	10829	5975	4611	4698	4712	12067	11602	10929	6468	4732	4776	4671	12590	11287	6664	5169	5321	5246	11972	6340	5733	5840	5671	5508	8580	5812	5837	4764	4914	4942	5966	5875	10617
16034	14223	13733	12969	12924	13427	12883	13039	13011	12517	5175	4075	3996	4016	14150	13676	12962	12978	13379	12959	13045	13020	12501	5200	4111	4034	3993	14322	12779	12741	13301	13264	13443	13083	12474	5096	3979	3862	3894	12977	13059	13437	13676	13614	13296	12530	5216	4052	4008	3947	17883	15009	12455	12736	12730	12625	5432	4248	4146	4282	14978	12581	12727	12668	12621	5410	4263	4129	4125	13051	13136	13180	12903	5787	4412	4332	4405	13728	13266	12393	5112	3964	3927	3853	14247	13124	5441	4449	4271	4315	13742	5564	4964	4800	4736	5247	7085	5256	5275	4782	4746	4762	5796	5793	10263
13376	12978	12957	11089	11104	12171	12858	12706	12612	11608	6827	4806	4770	4700	12938	12927	11147	11248	12215	12869	12660	12595	11557	6738	4742	4751	4690	13187	11303	11264	12400	13313	12993	12946	11832	6944	4797	4748	4847	11146	11314	12257	13146	13193	13097	11806	6895	4800	4806	4731	13870	12346	11221	11005	10971	10409	6485	4690	4618	4687	12399	11160	11126	11050	10422	6557	4575	4645	4598	12294	12265	12018	11210	6712	4727	4721	4739	13240	13111	11888	6930	4849	4755	4771	13172	12026	6940	4805	4762	4827	12272	7026	5049	4959	4957	6816	5874	5299	5387	4442	4506	4450	5461	5409	9668
11918	11655	11678	10234	10120	11026	11488	11557	11465	10571	5444	3672	3670	3782	11531	11689	10132	10086	11048	11490	11491	11389	10573	5498	3690	3678	3695	11909	10340	10341	11079	11861	11815	11675	10917	5406	3700	3660	3776	10233	10179	11198	11909	11798	11701	10842	5500	3664	3684	3687	12273	11194	10176	10199	10153	9612	5245	3606	3547	3620	11000	10082	9958	10107	9669	5261	3515	3541	3653	11042	11046	11020	10281	5353	3668	3624	3675	11747	11677	10722	5485	3673	3604	3702	11601	10813	5501	3679	3663	3743	11086	5558	3792	3883	3839	5480	4242	4012	4118	3357	3318	3381	4050	4148	7764
14587	12684	12253	11429	11386	11803	11631	11565	11425	10999	4835	3629	3730	3663	12700	12280	11418	11471	11912	11606	11485	11470	10972	4719	3691	3698	3692	12752	11559	11502	11995	11992	11753	11485	10995	4915	3717	3696	3714	11676	11605	12289	12198	11986	11721	11086	5104	3716	3866	3851	16318	13223	11461	11440	11342	10802	4863	3595	3805	3728	13241	11531	11355	11329	10858	4867	3675	3709	3748	12026	11901	11624	11142	5196	3863	4001	3962	12215	11695	11230	5163	3881	3966	3946	12814	11746	5511	4248	4410	4305	12261	5245	4709	4810	4760	4762	7137	5068	4990	4251	4306	4205	5204	5178	9268
17319	15679	15319	14559	14533	14961	14605	14706	14644	14243	6037	4554	4659	4612	15621	15342	14536	14573	15006	14554	14691	14534	14170	5973	4550	4542	4499	15854	14353	14478	14880	15096	14935	14598	14193	5926	4568	4459	4577	14464	14583	15108	15381	15156	14860	14215	6005	4573	4666	4701	19061	16361	14299	14294	14422	14102	6096	4693	4654	4748	16370	14338	14371	14420	14158	6108	4675	4748	4668	14728	14682	14734	14389	6587	4876	4886	4913	15299	14707	14092	5972	4494	4452	4565	15703	14707	6354	4954	4968	4966	15351	6260	5466	5513	5482	6083	7665	5746	5756	5039	5073	5130	6306	6261	10938
19187	17022	16685	15584	15610	16059	16143	15780	15612	15052	8161	6355	6273	6336	17076	16629	15611	15602	16076	15992	15797	15640	15037	8141	6236	6292	6307	17133	15850	15762	16291	16399	16043	15801	15255	8385	6385	6351	6351	16013	15963	16636	16718	16290	16018	15393	8669	6584	6571	6553	20620	17523	15968	15665	15445	15029	8098	6169	6216	6122	17523	15978	15664	15474	15030	8132	6211	6202	6218	16526	16229	15972	15374	8597	6491	6527	6560	16563	16245	15499	8953	6615	6642	6718	17141	15966	9096	7103	7146	7217	16465	8826	7637	7687	7588	7989	10194	7731	7662	6640	6626	6594	7881	7878	12957
14357	12529	12245	11609	11486	11928	11602	11683	11662	11122	5245	4125	4160	4148	12573	12305	11575	11582	11879	11566	11629	11697	11155	5263	4161	4251	4209	13063	11371	11344	11810	12014	12010	11750	11087	5082	4079	4032	4016	11506	11584	11933	12247	12193	11875	11252	5314	4141	4098	4099	16033	13546	11227	11323	11344	11217	5541	4279	4377	4316	13547	11180	11296	11380	11198	5603	4260	4331	4349	11704	11691	11677	11368	5922	4452	4484	4463	12148	11771	10990	5162	3967	3997	3981	12679	11686	5507	4426	4435	4391	12322	5589	4994	4941	4939	5301	7093	5219	5253	4765	4715	4824	5887	5881	10107
15643	13632	13267	12191	12286	12683	12656	12399	12191	11640	5895	4523	4548	4622	13574	13220	12124	12165	12599	12631	12412	12114	11714	5987	4598	4526	4609	13562	12329	12305	12842	12904	12595	12268	11741	6141	4659	4571	4614	12562	12525	13176	13260	12861	12594	11979	6438	4841	4834	4769	17418	14083	12441	12172	11993	11671	5922	4550	4444	4559	14199	12509	12212	12068	11602	5840	4532	4439	4445	13040	12618	12479	11998	6393	4808	4715	4774	13076	12770	12075	6637	4937	4854	4907	13630	12500	6790	5318	5266	5313	12995	6539	5849	5825	5881	5786	8393	5884	5992	4966	5000	4965	6150	6180	10493
