1-2	1-3	1-4	1-5	1-6	1-7	1-8	1-9	1-10	1-11	1-12	1-13	1-14	1-15	2-3	2-4	2-5	2-6	2-7	2-8	2-9	2-10	2-11	2-12	2-13	2-14	2-15	3-4	3-5	3-6	3-7	3-8	3-9	3-10	3-11	3-12	3-13	3-14	3-15	4-5	4-6	4-7	4-8	4-9	4-10	4-11	4-12	4-13	4-14	4-15	5-6	5-7	5-8	5-9	5-10	5-11	5-12	5-13	5-14	5-15	6-7	6-8	6-9	6-10	6-11	6-12	6-13	6-14	6-15	7-8	7-9	7-10	7-11	7-12	7-13	7-14	7-15	8-9	8-10	8-11	8-12	8-13	8-14	8-15	9-10	9-11	9-12	9-13	9-14	9-15	10-11	10-12	10-13	10-14	10-15	11-12	11-13	11-14	11-15	12-13	12-14	12-15	13-14	13-15	14-15
14871	12642	12055	10774	10729	11379	11341	10837	10640	10092	7410	5980	5867	5823	12604	12025	10680	10695	11332	11150	10908	10567	10045	7394	5965	5892	5942	12697	10996	11010	11688	11583	11119	10890	10258	7745	6041	6020	6033	11181	11215	12071	12001	11542	11160	10363	8017	6234	6196	6297	17065	13210	11143	10820	10474	9958	7258	5858	5836	5835	13162	11126	10834	10564	9974	7213	5803	5878	5801	11789	11389	11129	10407	7896	6286	6205	6157	11889	11475	10578	8385	6392	6307	6390	12621	11187	8592	7059	6942	7090	11839	8203	7739	7582	7613	7211	11019	7761	7711	6704	6454	6415	7845	7885	12844
11649	9709	9198	7948	7918	8534	8414	8057	7956	7406	5819	4688	4633	4540	9658	9202	7895	7943	8458	8478	8212	7943	7324	5715	4597	4552	4615	9695	8202	8180	8868	8813	8434	8180	7588	5931	4745	4685	4781	8377	8389	9138	9189	8735	8434	7655	6286	4785	4882	4900	13753	10351	8300	8003	7770	7279	5586	4529	4596	4514	10319	8303	8042	7802	7419	5621	4546	4619	4663	8990	8510	8326	7617	6153	4864	4765	4866	8996	8554	7711	6533	4988	4983	4936	9592	8361	6766	5484	5404	5616	9123	6376	6175	6163	6222	5567	9312	6356	6397	5178	5070	5124	6314	6423	10765
11283	11089	11076	9459	9617	10314	10999	10945	10681	9972	5311	3603	3619	3600	10988	11022	9542	9593	10366	10868	10952	10728	9968	5171	3620	3621	3556	11167	9449	9500	10545	11034	11242	10969	10155	5390	3604	3701	3678	9565	9448	10455	11111	10996	11048	10085	5415	3603	3676	3562	11767	10478	9510	9416	9495	8818	5082	3518	3586	3449	10468	9506	9435	9447	8867	5165	3479	3619	3478	10181	10298	10227	9610	5273	3646	3635	3564	11265	10838	10055	5365	3591	3635	3616	11198	10169	5466	3665	3734	3706	10395	5429	3802	3786	3780	5249	4279	4036	3969	3357	3265	3407	4206	4192	7665
14619	12052	11507	10316	10366	10874	10789	10538	10400	9667	6421	5123	5140	5175	12127	11392	10354	10210	10949	10919	10424	10343	9773	6354	5038	5032	5087	12012	10520	10601	11312	11228	10868	10618	9897	6739	5176	5212	5237	10733	10764	11442	11518	11097	10764	9976	6981	5297	5374	5317	16581	12680	10664	10240	10082	9670	6297	5013	4918	4981	12496	10606	10357	10191	9646	6345	4996	4956	5010	11384	10940	10618	10011	6991	5369	5284	5280	11389	11049	10220	7388	5525	5460	5595	11933	10668	7492	6094	5983	6017	11521	7184	6721	6696	6736	6095	9808	6702	6823	5540	5619	5686	6826	6786	11638
13350	13120	13035	11835	11873	12731	13046	12982	12942	12261	6190	4088	4113	4204	13147	13138	11720	11769	12655	13302	13028	12868	12290	6279	4174	4079	4166	13184	11735	11724	12738	13055	13139	13154	12454	6227	4160	4112	4221	11801	11726	12694	13294	13241	13105	12188	6290	4160	4032	4247	13388	12487	11691	11913	11729	11338	6032	4005	4054	4139	12675	11747	11821	11669	11272	5960	4090	3983	4115	12620	12671	12587	12088	6187	4152	4008	4081	13238	13199	12397	6255	4151	4073	4181	13207	12537	6251	4237	4090	4137	12626	6228	4173	4188	4165	6110	4730	4360	4421	3849	3761	3728	4583	4631	8324
14440	14069	13833	12092	12008	13154	13802	13715	13444	12311	8278	5829	5910	5950	14089	13953	12111	12110	13233	13837	13694	13484	12368	8301	5903	5910	5958	14183	12275	12215	13347	14107	14191	13831	12642	8302	5881	5939	5931	12322	12103	13335	14102	14111	13886	12787	8392	5897	5875	5996	14879	13517	12256	12125	11947	11295	7965	5668	5752	5815	13401	12083	12017	11966	11223	7939	5718	5723	5797	13260	13129	12964	12089	8199	5870	5757	5869	14196	13992	12591	8392	5831	5969	5904	14121	12936	8548	5935	6045	6202	13128	8438	6193	6227	6261	8158	7279	6623	6758	5590	5616	5509	6597	6725	11071
13666	11257	10654	9299	9235	9892	9660	9401	9174	8430	7716	6341	6356	6225	11296	10678	9198	9225	9839	9804	9316	9238	8364	7613	6155	6231	6189	11317	9452	9403	10258	10242	9746	9448	8680	7983	6408	6471	6530	9739	9713	10681	10505	10111	9731	8806	8165	6644	6566	6675	15935	11961	9642	9288	9020	8267	7458	6130	6265	6218	11910	9531	9303	9064	8244	7476	6136	6177	6197	10495	9962	9686	8824	8326	6620	6563	6640	10402	10021	9026	8722	6816	6867	6769	11304	9685	9058	7571	7452	7454	10455	8546	8211	8226	8244	7437	12020	8328	8256	7064	7043	6956	8303	8380	13640
12468	10348	9994	8957	9010	9363	9345	9164	8903	8488	5172	4095	4108	4090	10399	9900	8985	8900	9512	9431	9169	8878	8499	5189	4144	4042	4084	10362	9127	9134	9647	9762	9338	9131	8696	5442	4263	4222	4253	9301	9373	9893	10045	9691	9364	8827	5700	4455	4348	4346	14398	10992	9142	9024	8843	8447	5162	4104	4001	4086	10886	9221	9060	8820	8429	5082	4056	4033	4013	9924	9474	9370	8677	5713	4312	4348	4375	9855	9633	8924	6002	4491	4530	4438	10371	9387	6146	5010	4921	4840	9920	5849	5445	5467	5345	5215	8167	5477	5534	4613	4601	4564	5503	5489	9746
13319	11066	10619	9199	9109	9823	9684	9363	9038	8485	7430	6086	6172	6082	11123	10651	9173	9152	9813	9742	9359	9102	8452	7408	6068	6043	6056	11148	9361	9329	10132	10136	9748	9441	8651	7788	6297	6257	6259	9609	9623	10497	10507	9942	9563	8955	7942	6434	6494	6351	15644	11922	9540	9252	9074	8435	7329	6087	6069	6062	12083	9486	9265	9012	8476	7245	6080	6103	6014	10383	10037	9615	8823	8048	6445	6559	6352	10398	9895	9002	8419	6684	6671	6668	11181	9746	8645	7285	7403	7257	10425	8272	7967	8004	7922	7242	11567	8143	8013	6910	6720	6837	8137	8183	13275
11192	9226	8954	7858	7928	8295	8297	8089	7906	7400	4903	3916	3836	3878	9300	8954	7927	7931	8387	8237	8030	7878	7360	4994	3892	3834	3884	9297	7922	7984	8521	8493	8260	8068	7459	5131	3998	3987	3970	8291	8186	8882	8823	8434	8204	7648	5325	4042	4090	4098	12872	9805	8058	7961	7673	7305	4775	3866	3808	3777	9896	8079	7923	7721	7225	4763	3804	3862	3818	8805	8387	8174	7605	5294	4198	4069	4105	8779	8543	7845	5610	4290	4155	4246	9335	8174	5696	4657	4695	4629	8797	5479	5196	5153	5262	4769	7859	5274	5300	4354	4451	4355	5375	5383	9281
16423	14252	13843	12895	12859	13309	13272	13065	12991	12401	5897	4580	4546	4547	14255	13878	12920	12881	13325	13287	13138	12904	12458	5921	4501	4529	4557	14394	13022	13081	13524	13519	13275	13059	12649	6273	4729	4605	4677	13248	13281	13788	13923	13505	13261	12701	6357	4822	4846	4793	17828	14670	13230	12912	12880	12507	5760	4568	4403	4618	14669	13156	12944	12809	12448	5792	4627	4544	4610	13753	13391	13238	12667	6329	4810	4671	4737	13791	13471	12831	6589	4899	4925	4916	14291	13201	6796	5268	5319	5283	13674	6464	5673	5681	5712	5803	8080	5806	5773	4913	4968	4997	5910	5805	10254
12186	10360	9966	8948	8975	9462	9416	9172	8934	8525	5209	4064	4066	4096	10320	9870	8955	8979	9468	9363	9132	8947	8486	5214	3963	4088	4115	10403	9216	9205	9661	9726	9329	9106	8517	5342	4092	4032	4134	9295	9345	9935	9904	9635	9392	8735	5464	4230	4241	4281	13896	10992	9140	9053	8925	8551	5104	4082	3995	4012	10867	9218	9012	8935	8573	5098	4093	4034	4011	9737	9548	9256	8734	5567	4293	4254	4175	9865	9508	8825	5853	4310	4398	4355	10383	9406	6021	4820	4705	4754	9852	5776	5235	5325	5302	4963	7840	5386	5406	4530	4566	4530	5457	5518	9542
14236	12155	11531	10301	10297	10891	10734	10561	10324	9665	7469	6000	6024	6060	12129	11632	10293	10308	10786	10797	10541	10258	9662	7413	5961	5973	6012	12143	10598	10612	11274	11160	10801	10521	9897	7693	6127	6117	6185	10740	10763	11535	11462	11051	10701	9981	7969	6246	6377	6339	16256	12729	10663	10410	10186	9631	7318	5881	5933	5920	12764	10722	10441	10148	9617	7339	5882	5963	5938	11414	10953	10777	9963	8002	6256	6265	6292	11354	11148	10184	8383	6414	6527	6474	12107	10846	8623	7010	6993	7089	11432	8132	7759	7716	7701	7201	10914	7885	7830	6656	6590	6510	8017	7969	12888
15013	13061	12666	11762	11664	12192	12003	11840	11740	11196	5694	4526	4437	4465	13104	12718	11740	11596	12223	11951	11797	11652	11320	5644	4564	4353	4453	13301	11754	11818	12301	12349	12119	11850	11310	5740	4387	4451	4514	11836	11764	12566	12632	12342	12012	11395	5983	4466	4589	4552	16951	13805	11690	11538	11590	11216	5695	4465	4540	4597	13687	11710	11662	11523	11147	5701	4500	4432	4570	12295	12192	12020	11530	6259	4791	4809	4750	12619	12249	11388	5961	4491	4458	4538	13167	12081	6273	4973	5069	5207	12625	6154	5577	5541	5640	5609	8172	5732	5856	5042	5062	5070	5927	6159	10793
18197	16064	15720	14658	14732	15139	15133	14815	14704	14170	7664	5931	5978	5915	16046	15719	14651	14608	15161	15166	14870	14684	14155	7722	5918	5949	5916	16201	14860	14835	15384	15437	15060	14939	14352	7785	6044	6100	6124	15069	15118	15730	15741	15348	15081	14460	8084	6141	6285	6212	19854	16634	14984	14748	14554	14145	7601	5808	5839	5833	16691	15007	14769	14489	14064	7586	5827	5877	5931	15592	15238	14980	14412	7915	6235	6184	6215	15622	15321	14605	8395	6330	6468	6341	16234	15163	8646	6852	6864	6733	15579	8295	7267	7355	7279	7469	9839	7418	7327	6332	6247	6211	7613	7651	12394
12849	12564	12555	11011	10897	11944	12484	12368	12343	11447	5938	3999	3997	4050	12616	12515	11017	11111	11965	12374	12416	12274	11357	5917	3977	4012	4079	12657	11020	11061	11946	12738	12589	12589	11715	5988	4055	4002	4016	11061	11063	12062	12676	12738	12523	11726	5914	4005	4024	4055	13268	11986	10940	11102	10813	10407	5742	3931	3836	3888	11911	10993	10997	10867	10263	5748	4046	3901	3919	11848	12023	11744	11019	5941	4019	3926	4029	12615	12628	11687	5920	4042	4028	4129	12572	11721	6012	4012	4015	4148	11976	5978	4189	4228	4205	5958	4796	4301	4407	3663	3737	3707	4492	4587	8297
12317	10412	10135	9117	9135	9627	9594	9340	9169	8729	4734	3704	3742	3688	10510	10140	9160	9138	9664	9606	9365	9183	8736	4718	3680	3635	3677	10581	9422	9323	9932	9825	9602	9350	8836	4879	3734	3796	3822	9552	9516	10155	10100	9793	9564	8945	5054	3869	3943	3856	14053	11055	9422	9284	8993	8755	4656	3591	3596	3635	10886	9436	9278	9120	8734	4594	3640	3621	3587	9959	9666	9526	8987	5042	3833	3951	3927	9986	9688	9066	5196	3947	3956	3951	10502	9591	5533	4478	4378	4407	9938	5202	4910	4868	4892	4633	7218	5020	4862	4131	4041	4070	4940	5037	9073
14257	12472	12021	11405	11327	11721	11279	11505	11505	11045	4948	3892	3825	3875	12390	12043	11303	11310	11707	11331	11457	11450	10997	4845	3912	3822	3812	12778	11068	11109	11441	11838	11883	11468	10794	4697	3774	3599	3661	11261	11111	11614	11950	12021	11672	10846	4809	3785	3736	3748	15832	13384	10796	11030	11229	11141	5080	4102	3998	4137	13310	10829	11013	11217	11050	5224	4125	3965	4027	11209	11381	11584	11323	5463	4170	4115	4209	12017	11333	10708	4582	3639	3591	3621	12457	11337	5093	4037	4000	4105	12060	5118	4527	4592	4553	4975	6565	4904	4926	4668	4623	4725	5615	5576	9676
13784	11830	11434	10232	10236	10811	10695	10560	10246	9788	5868	4714	4796	4821	11885	11408	10197	10253	10853	10672	10552	10307	9820	5988	4703	4744	4811	11895	10526	10454	11209	11086	10838	10490	9950	6136	4887	4825	4882	10715	10727	11418	11394	11027	10789	9950	6392	4806	5023	4928	15721	12383	10526	10439	10082	9668	5903	4673	4709	4734	12416	10575	10396	10147	9694	6004	4681	4672	4715	11203	10951	10696	10067	6425	5062	5019	5054	11362	10943	10120	6596	4988	5053	5018	11856	10736	6955	5523	5481	5601	11300	6670	6164	6102	6128	5819	9142	6294	6338	5235	5237	5323	6455	6420	11117
14046	11771	11354	9995	9943	10638	10499	10163	10019	9461	6595	5188	5153	5067	11947	11393	9961	10014	10555	10535	10311	10085	9441	6640	5300	5224	5162	11829	10270	10247	11020	10779	10584	10223	9582	6643	5277	5230	5241	10480	10507	11284	11261	10933	10633	9771	6982	5438	5396	5330	16348	12563	10277	10155	9970	9386	6385	5154	5115	5026	12523	10273	10172	9934	9411	6563	5187	5234	5037	11002	10749	10401	9733	6984	5498	5516	5406	11313	10738	9871	7035	5552	5516	5491	11949	10460	7535	6196	6124	6061	11156	7236	6763	6852	6638	6293	10141	6923	6865	5856	5800	5805	7100	7118	12287
17951	16580	16258	15533	15578	15903	15913	15786	15619	15255	6138	4616	4533	4581	16572	16336	15558	15582	15873	15863	15705	15544	15256	6120	4601	4504	4593	16646	15660	15702	16054	16119	15925	15720	15222	6175	4627	4546	4597	15785	15829	16221	16251	16020	15894	15327	6314	4676	4586	4591	19240	16962	15748	15612	15589	15168	6118	4588	4506	4633	16979	15741	15636	15524	15249	6109	4561	4519	4610	16145	16031	15797	15421	6381	4701	4673	4767	16312	15928	15410	6462	4749	4631	4714	16583	15831	6649	5096	5012	5066	16208	6466	5458	5343	5465	5982	7367	5381	5495	4792	4844	4779	5892	5938	9987
13209	11182	10678	9217	9254	9837	9494	9487	9207	8549	7237	6029	6011	5921	11116	10603	9270	9140	9867	9435	9361	9167	8629	7151	5964	5934	5880	11312	9226	9215	9900	10154	9921	9480	8652	7153	5995	5784	5777	9446	9535	10268	10463	10251	9836	8709	7396	6041	6029	5940	15423	12001	9094	9119	9067	8524	7205	6029	5924	6008	12059	9084	9126	9094	8553	7350	6126	6011	5927	9784	9742	9631	8916	8031	6431	6409	6284	10466	9752	8748	7339	5925	5905	5833	11146	9721	7948	6648	6671	6579	10530	7887	7498	7511	7468	7251	11069	7898	7852	6886	6957	6998	8322	8224	13328
12904	10499	10128	9070	9143	9510	9477	9244	9155	8567	5418	4424	4306	4287	10482	10089	9070	9102	9470	9585	9210	9127	8503	5510	4343	4345	4315	10523	9245	9314	9756	9767	9499	9225	8633	5786	4467	4401	4432	9481	9424	10081	10034	9677	9399	8814	5885	4539	4558	4611	14522	11063	9457	9166	8978	8464	5377	4334	4168	4251	11104	9371	9178	9060	8504	5463	4362	4281	4238	9954	9645	9424	8768	6038	4589	4579	4549	9954	9639	8947	6328	4711	4781	4678	10567	9484	6480	5233	5242	5124	9878	6083	5606	5680	5665	5386	8363	5813	5841	4820	4905	4902	5918	5924	10032
12521	12375	12446	11659	11544	12083	12346	12415	12291	11814	5549	3592	3756	3709	12379	12396	11643	11492	12107	12455	12312	12337	11887	5490	3715	3734	3722	12639	11585	11618	12250	12397	12394	12428	11956	5530	3668	3679	3730	11504	11582	12255	12450	12497	12394	11982	5550	3646	3731	3689	12734	12183	11515	11647	11628	11311	5395	3653	3718	3637	12028	11343	11593	11509	11211	5433	3629	3666	3557	12148	12154	12091	11675	5395	3701	3740	3749	12543	12466	11878	5570	3728	3742	3641	12467	12020	5525	3760	3697	3645	12124	5524	3694	3782	3796	5597	3994	3906	3852	3400	3572	3415	4114	4224	7566
17657	15350	14995	13539	13495	14258	14266	13817	13571	13031	9851	7925	7903	7876	15552	14926	13617	13567	14267	14122	13812	13556	12870	9789	7890	7947	7922	15436	13874	13949	14620	14489	14151	13748	13141	10030	8183	8007	8182	14084	14043	15068	14924	14501	14157	13301	10344	8165	8256	8205	19656	16273	13992	13671	13452	12863	9799	7845	7823	7864	16280	13991	13755	13440	12830	9818	7838	7875	7913	14840	14487	14089	13288	10479	8238	8302	8279	15000	14338	13533	10678	8499	8380	8423	15469	14161	11155	9089	9108	9090	14941	10664	9836	9740	9762	9638	13082	9946	9989	8587	8580	8616	10154	10164	15575
17867	15839	15442	14072	14144	14782	14535	14354	14017	13475	9710	7610	7611	7655	16055	15358	14012	14129	14630	14523	14394	14093	13449	9637	7580	7621	7710	15974	14192	14163	14874	14954	14681	14314	13535	9763	7642	7646	7657	14306	14430	15346	15314	14989	14507	13656	10006	7681	7702	7753	19739	16708	14200	14041	13901	13399	9613	7664	7585	7639	16546	14137	14113	13879	13320	9612	7666	7646	7733	14947	14810	14500	13782	10175	7998	8029	8021	15271	14779	13897	10163	7769	7729	7884	15964	14608	10625	8496	8506	8494	15246	10333	9175	9271	9319	9543	12470	9504	9476	8337	8376	8357	9832	9916	15348
19037	17395	16920	15833	15821	16291	16163	16029	15892	15368	8592	6710	6641	6673	17272	16855	15870	15875	16383	16137	16039	15906	15311	8580	6581	6625	6680	17362	16031	15942	16509	16574	16241	16026	15453	8562	6628	6636	6663	16151	16185	16776	16951	16597	16331	15572	8687	6761	6776	6714	20765	17969	15818	15827	15777	15340	8687	6707	6745	6781	17862	15811	15825	15757	15330	8644	6719	6742	6749	16449	16295	16239	15648	9120	7001	6959	6989	16771	16388	15666	8884	6772	6709	6726	17307	16112	9227	7273	7344	7372	16812	9179	7924	7896	7897	8486	10622	8133	8172	7103	7159	6976	8701	8733	13843
11933	10012	9507	8476	8554	8884	8836	8594	8421	8078	5097	3992	4030	3982	9955	9537	8491	8534	8985	8896	8667	8620	8040	5141	4110	4071	3969	10023	8737	8731	9186	9273	8984	8670	8173	5346	4179	4042	4132	8826	8882	9513	9489	9053	8782	8213	5450	4283	4231	4255	13757	10493	8829	8504	8348	7925	4991	4075	4085	4135	10571	8861	8604	8440	7934	5057	4051	3933	3981	9437	9014	8849	8222	5543	4311	4325	4244	9418	9140	8473	5832	4499	4468	4330	9939	8826	6229	4864	4848	4845	9331	5769	5361	5460	5407	5029	8011	5460	5432	4440	4540	4471	5584	5489	9537
16601	14750	14377	13572	13466	13991	13760	13678	13543	13138	5375	4065	4113	4003	14774	14417	13454	13482	13870	13844	13605	13552	13095	5283	4055	4101	4132	14882	13664	13611	14205	14174	13987	13715	13183	5519	4108	4078	4039	13740	13782	14411	14387	14129	13830	13291	5717	4205	4256	4249	18407	15343	13668	13492	13386	13084	5362	4059	4112	4121	15259	13660	13605	13347	13072	5281	3991	4085	4050	14204	13943	13772	13370	5784	4337	4325	4329	14322	14078	13434	5836	4328	4263	4300	14781	13770	6076	4705	4727	4786	14287	5857	5112	5295	5136	5312	7578	5349	5291	4437	4464	4505	5494	5433	9759
17992	15894	15375	14275	14308	14747	14636	14418	14127	13686	8064	6400	6322	6400	15930	15303	14249	14242	14763	14649	14362	14059	13581	7987	6308	6327	6322	15799	14464	14448	15066	15001	14593	14405	13636	8215	6478	6442	6454	14665	14659	15353	15382	14846	14639	13850	8637	6569	6660	6567	19887	16455	14472	14300	14014	13589	8039	6201	6216	6304	16514	14493	14239	14035	13577	7969	6119	6271	6305	15285	14812	14518	13866	8484	6555	6630	6643	15230	14878	14069	8836	6702	6716	6764	15872	14604	9181	7272	7356	7284	15264	8727	7905	7823	7903	7877	10941	8010	8000	6888	6842	6748	8262	8176	13558
14584	12698	12310	11577	11558	11850	11885	11723	11445	11186	4356	3179	3189	3158	12662	12366	11599	11621	11924	11847	11617	11572	11189	4351	3174	3234	3254	12591	11699	11696	12146	12119	11858	11652	11266	4480	3372	3343	3322	11852	11812	12290	12343	11997	11769	11316	4713	3460	3362	3389	15986	12935	11868	11512	11477	11160	4333	3199	3209	3205	12979	11701	11451	11490	11080	4272	3230	3186	3195	12287	11995	11758	11286	4600	3303	3354	3315	12275	12100	11450	4901	3510	3500	3401	12650	11812	5085	3814	3746	3742	12235	4774	4207	4131	4098	4312	6189	4210	4244	3589	3507	3471	4419	4323	7685
14903	12830	12217	10905	10907	11595	11515	11257	10968	10169	8148	6645	6509	6635	12779	12337	10845	10872	11595	11451	11186	10941	10116	8122	6555	6563	6440	12902	11261	11243	12005	11971	11430	11096	10401	8299	6765	6623	6747	11301	11384	12282	12287	11677	11430	10460	8727	6791	6827	6920	16946	13450	11205	10886	10729	10091	7931	6529	6474	6496	13578	11287	10916	10737	10063	8067	6496	6405	6506	12030	11651	11442	10502	8735	6916	6912	6952	12207	11657	10722	9063	7045	6998	7174	12866	11476	9335	7759	7732	7742	12232	8994	8411	8393	8436	7892	12016	8563	8580	7364	7335	7390	8742	8662	13972
15225	13061	12619	11641	11691	12094	12101	11893	11614	11246	5111	3921	4029	3997	12965	12562	11709	11728	12079	12084	11904	11707	11271	5129	3988	3976	3954	13113	11846	11871	12331	12478	12111	11868	11365	5274	4177	4081	4137	11991	11992	12643	12676	12297	12025	11464	5514	4204	4253	4223	17011	13475	11977	11757	11624	11125	4989	3978	3871	3906	13469	11935	11746	11561	11145	4946	3870	3913	3900	12624	12133	11897	11420	5376	4097	4203	4121	12641	12238	11609	5741	4292	4263	4247	13155	12049	5926	4773	4763	4708	12550	5661	5304	5210	5215	4995	7623	5196	5126	4356	4297	4253	5299	5325	9540
16450	14347	14095	12924	12999	13550	13498	13210	12973	12504	5638	4333	4302	4369	14343	14005	12919	12986	13453	13380	13097	13005	12552	5584	4307	4264	4284	14584	13123	13188	13803	13751	13409	13109	12594	5906	4291	4375	4380	13375	13355	13999	13951	13676	13387	12835	5950	4468	4400	4471	18307	14970	13183	12994	12822	12473	5618	4205	4225	4238	14955	13270	13047	12860	12488	5513	4191	4303	4266	13787	13540	13275	12692	6075	4453	4528	4573	13901	13543	12986	6091	4568	4489	4546	14429	13346	6439	4974	5046	4994	13872	6123	5535	5524	5521	5564	8291	5606	5713	4746	4751	4782	5862	5876	10549
12116	9883	9467	8265	8333	8830	8734	8637	8157	7679	5956	4900	4855	4874	9869	9501	8197	8237	8841	8659	8450	8155	7663	5965	4798	4891	4792	9924	8463	8500	9011	9016	8794	8353	7858	6284	5108	4975	4967	8635	8662	9521	9391	8979	8594	7922	6542	5151	5060	5133	14118	10465	8704	8347	8177	7569	5820	4798	4876	4829	10403	8654	8350	8138	7658	5839	4803	4749	4826	9359	8993	8608	7999	6558	5269	5186	5091	9405	8971	8171	6949	5369	5327	5319	9935	8689	7183	5944	5830	5777	9388	6687	6517	6391	6455	5848	9564	6644	6547	5449	5393	5429	6669	6583	11031
13941	11602	11035	9675	9647	10267	10249	9922	9552	9048	7196	5822	5870	5896	11485	11012	9731	9558	10301	10286	9914	9720	9050	7276	5831	5927	5891	11609	9958	9957	10534	10714	10149	9986	9149	7452	6020	6092	5988	10214	10276	10975	11064	10433	10260	9342	7805	6177	6121	6083	15995	12103	10028	9810	9580	8941	7017	5670	5718	5638	12155	10049	9835	9541	8987	7057	5667	5711	5685	10900	10290	10125	9361	7766	6038	6101	6050	10880	10489	9444	8118	6333	6295	6268	11676	10182	8504	6997	6996	6905	10783	7975	7622	7637	7586	7006	10931	7737	7721	6569	6424	6512	7755	7685	12751
15147	15063	14949	13802	13913	14614	14950	14913	14922	14342	7462	5171	5131	5163	14974	15045	13866	13913	14664	14859	15017	15071	14306	7553	5224	5271	5232	15092	13957	13941	14634	15055	14985	15033	14348	7516	5170	5176	5241	13825	13819	14581	15147	15188	15097	14398	7634	5157	5113	5192	15350	14648	13783	13785	13731	13351	7281	5155	5116	5135	14556	13794	13925	13712	13481	7348	5104	5084	5109	14617	14533	14669	13989	7397	5192	5094	5150	15160	14988	14420	7554	5094	5207	5255	15061	14458	7556	5191	5187	5236	14605	7611	5157	5275	5329	7607	5712	5484	5516	4870	4779	4790	5877	5832	10146
17757	15899	15257	13926	13967	14594	14467	14305	13957	13399	9105	7339	7368	7227	15816	15345	13903	13930	14543	14477	14227	14032	13385	9138	7438	7293	7235	15851	14199	14277	14785	14951	14607	14223	13468	9289	7405	7374	7348	14415	14554	15359	15326	14843	14465	13748	9567	7664	7537	7520	19657	16504	14245	14085	13873	13328	9128	7266	7196	7249	16471	14176	14114	13854	13249	9077	7374	7236	7270	15002	14723	14394	13706	9551	7722	7644	7618	15188	14747	13757	9581	7693	7580	7631	15772	14441	10176	8340	8394	8301	15176	9731	9052	8898	8889	8945	12095	9140	9135	7988	7975	7844	9546	9592	14874
11541	9480	8951	7651	7660	8288	8257	7749	7668	7049	6130	4892	5006	4933	9406	8870	7654	7662	8142	8179	7879	7560	7102	6199	4894	5003	4974	9569	7885	7850	8609	8555	8241	7883	7183	6328	5153	5197	5194	8156	8191	9002	8933	8456	8274	7409	6696	5348	5226	5214	13608	10088	8122	7735	7666	6983	6067	4892	4873	4851	10116	8069	7882	7553	6929	6031	4842	4920	4933	8850	8430	8001	7355	6655	5314	5319	5265	8851	8386	7520	7058	5452	5468	5483	9505	8210	7384	6080	6023	6090	8829	6996	6615	6647	6653	5991	10015	6895	6975	5662	5634	5633	6867	6869	11366
15723	14054	13838	13010	13005	13359	13298	13110	12946	12558	5546	4027	4116	4052	14084	13811	12992	12997	13329	13381	13135	12948	12589	5441	4000	4019	4007	14175	13177	13089	13551	13532	13264	13118	12754	5530	4091	4211	4109	13241	13332	13722	13702	13391	13312	12739	5718	4187	4288	4184	17046	14508	13210	13062	12866	12528	5332	4010	4109	4038	14487	13264	13017	12908	12557	5377	4043	4023	4064	13627	13366	13196	12769	5791	4224	4204	4191	13774	13513	12932	5860	4274	4340	4317	14120	13345	6161	4602	4678	4628	13689	5958	5050	5094	5074	5286	7026	5143	5142	4297	4298	4363	5391	5391	9183
14810	14724	14668	13397	13473	14264	14700	14639	14506	13885	7195	4961	4996	4974	14838	14675	13436	13552	14058	14813	14681	14762	13960	7108	4989	5009	4934	14811	13411	13406	14152	14780	14803	14804	14173	7046	4948	5041	4951	13407	13387	14215	14879	14783	14801	14002	7276	4991	5071	4970	15109	14207	13497	13492	13372	12898	6909	4922	4964	4875	14252	13429	13378	13305	12832	6971	4841	4946	4831	14424	14102	14169	13593	7136	5013	5009	4915	14868	14978	14035	7207	5002	5049	5013	14852	14050	7316	5056	5093	5004	14362	7189	5046	5180	5102	7264	5478	5308	5300	4541	4615	4539	5663	5581	9711
17541	15373	15048	13990	13979	14525	14370	14105	14000	13537	6343	4713	4739	4810	15420	14994	14054	14055	14479	14404	14098	13991	13487	6394	4703	4684	4757	15449	14194	14248	14698	14746	14319	14236	13603	6545	4739	4800	4937	14357	14376	15046	14993	14635	14286	13767	6751	4857	4921	4984	19182	15916	14298	13932	13917	13444	6416	4685	4752	4877	15934	14336	14062	13949	13429	6329	4672	4722	4870	14962	14469	14327	13746	6776	4880	5057	5123	14933	14528	13865	6929	5048	5122	5110	15443	14318	7200	5485	5501	5540	14786	6937	6023	6051	6103	6205	8687	6208	6194	5225	5303	5167	6353	6429	11014
17458	15680	15351	14475	14488	14883	14882	14628	14501	14106	5713	4329	4304	4289	15665	15332	14477	14390	14892	14775	14601	14517	14049	5745	4257	4245	4319	15713	14647	14626	15143	15083	14843	14640	14168	5934	4354	4397	4452	14872	14793	15317	15273	14970	14784	14297	6074	4469	4397	4517	19190	16140	14676	14566	14417	13986	5735	4249	4256	4238	16192	14710	14486	14464	14024	5638	4233	4236	4330	15125	14934	14762	14271	6070	4394	4507	4512	15316	15076	14348	6243	4446	4544	4605	15714	14773	6501	4915	4818	4940	15186	6243	5315	5406	5399	5633	7493	5269	5401	4583	4515	4489	5443	5629	9926
16852	14510	14006	12849	12738	13390	13270	13019	12890	12189	7244	5639	5692	5575	14490	14025	12773	12752	13446	13283	12997	12736	12327	7211	5581	5563	5496	14545	13015	13001	13638	13535	13401	13058	12442	7434	5664	5786	5696	13300	13308	13969	13973	13518	13207	12543	7538	5872	5909	5841	18817	15152	13218	12982	12709	12245	7114	5588	5598	5647	15068	13157	12919	12684	12225	7141	5546	5670	5571	13843	13504	13168	12490	7646	5922	5966	5951	13855	13605	12733	7879	5974	6003	5917	14434	13344	8236	6469	6454	6469	13921	7858	7188	7202	7134	7049	10304	7271	7278	6230	6147	6170	7449	7428	12525
15841	13867	13446	12495	12509	13045	12920	12671	12467	12085	5287	4097	4094	3989	13854	13395	12528	12564	12987	12891	12767	12559	12074	5249	4051	4003	3940	13965	12623	12616	13149	13236	12914	12666	12146	5337	4187	4092	4020	12889	12779	13411	13443	13126	12823	12323	5524	4186	4243	4167	17479	14437	12815	12555	12404	11991	5235	4044	3961	4003	14248	12801	12559	12426	11943	5221	3916	3921	3921	13331	13001	12845	12265	5664	4208	4236	4204	13380	13138	12469	5747	4351	4332	4255	13890	12868	5956	4703	4784	4655	13399	5781	5163	5121	5207	5118	7711	5318	5215	4390	4413	4398	5383	5416	9719
12504	12250	12140	10832	10807	11751	12195	12104	11996	11296	5991	4115	4137	4123	12182	12150	10857	10723	11532	12083	12016	11996	11222	5923	4143	4143	4035	12316	10797	10720	11694	12304	12278	12218	11352	5967	4079	4056	4171	10801	10744	11614	12351	12428	12122	11322	5982	4119	4083	4103	12797	11758	10619	10752	10593	10152	5842	4117	4075	4090	11630	10557	10760	10641	10279	5804	4131	4042	4076	11558	11736	11635	11061	6013	4173	4132	4207	12384	12290	11423	5987	4111	4138	4046	12436	11509	6085	4059	4192	4188	11768	5979	4258	4161	4235	5987	4837	4506	4561	3949	4020	3890	4842	4843	8483
18825	16689	16310	15397	15387	15759	15810	15545	15377	15012	6595	4935	4955	5052	16714	16277	15395	15459	15788	15825	15596	15451	15022	6739	4928	5070	5056	16734	15542	15545	16050	16073	15788	15529	15053	6916	5102	5075	5137	15787	15849	16350	16398	16036	15709	15176	7056	5087	5254	5235	20206	17129	15687	15512	15271	14976	6533	4989	4887	5006	17121	15681	15506	15302	14913	6595	4953	4885	4987	16165	15915	15646	15102	7021	5135	5060	5177	16312	15932	15324	7154	5275	5280	5352	16757	15775	7504	5701	5683	5751	16218	7123	6068	6067	6118	6471	8338	6130	6234	5274	5235	5217	6443	6389	10810
15981	14131	13733	12761	12781	13156	13079	12918	12729	12271	6647	5093	5137	5104	14090	13760	12723	12749	13159	13102	12937	12670	12313	6566	5197	5185	5107	14269	12835	12828	13488	13370	13196	12948	12346	6801	5259	5290	5175	12977	13081	13646	13760	13317	13028	12420	6914	5207	5320	5236	17595	14687	12935	12807	12609	12216	6486	5125	5094	5051	14543	12903	12758	12644	12139	6527	5033	5209	5000	13436	13254	13032	12484	7042	5360	5384	5322	13594	13345	12533	7151	5396	5494	5364	14129	13147	7472	5956	5861	5791	13520	7197	6368	6402	6330	6475	8977	6541	6532	5625	5553	5521	6811	6754	11324
19209	17161	16823	15488	15468	16125	15901	15716	15413	14758	10011	7900	7970	8021	17127	16740	15343	15369	16098	15880	15678	15455	14735	10047	7786	7939	8033	17124	15747	15645	16394	16313	15949	15615	14971	10299	8031	8141	8164	15923	15894	16703	16631	16164	15820	15182	10549	8298	8443	8316	20922	17818	15845	15494	15288	14654	9997	7897	7971	7988	17801	15835	15497	15343	14693	9950	7791	7898	7885	16614	16132	15866	15098	10694	8207	8376	8348	16639	16252	15263	10933	8345	8490	8427	17187	15805	11281	8839	9040	8997	16562	10928	9487	9675	9583	9747	12630	9792	9765	8279	8448	8522	9960	9873	15595
12070	11455	11308	9371	9333	10508	10995	10854	10649	9414	6636	4816	4790	4792	11467	11270	9534	9436	10431	10900	10879	10741	9503	6697	4872	4809	4826	11796	9449	9367	10676	11613	11558	11211	9738	6656	4764	4814	4778	9459	9450	10671	11487	11574	11287	9851	6760	4877	4835	4808	12836	11126	9325	9279	9292	8607	6353	4622	4742	4745	10907	9369	9349	9283	8560	6421	4732	4811	4718	10570	10544	10305	9321	6741	4900	4836	4922	11651	11283	9818	6621	4854	4779	4796	11641	10039	6825	4896	4955	4884	10522	6833	5238	5263	5286	6680	6621	5791	5876	4751	4794	4769	5730	5763	10001
17506	15217	14792	13582	13605	14147	13978	13772	13499	12991	8214	6580	6602	6541	15359	14842	13609	13616	14116	13975	13723	13518	12993	8232	6578	6583	6559	15349	13829	13785	14416	14449	14062	13643	13143	8492	6781	6714	6663	13961	13951	14728	14775	14325	13965	13252	8699	6925	6744	6728	19275	15804	13899	13630	13386	12893	8072	6496	6498	6483	15821	13954	13567	13375	12889	8212	6536	6557	6435	14595	14193	13835	13225	8724	6905	6869	6753	14615	14253	13440	9108	7021	6977	6931	15222	13969	9328	7556	7550	7606	14564	8953	8184	8156	8095	8108	11246	8307	8273	6987	7065	7030	8404	8511	13526
15532	13042	12669	11516	11376	11950	12015	11536	11404	10886	6273	4893	4807	4878	13097	12647	11492	11490	12024	11902	11552	11419	10947	6231	4824	4768	4875	13262	11614	11731	12231	12301	11931	11623	11099	6452	4964	4885	5013	11937	11916	12529	12594	12252	11887	11194	6792	5124	5039	5144	17449	13642	11800	11542	11241	10941	6098	4858	4756	4758	13636	11671	11522	11284	10885	6032	4898	4735	4753	12490	12075	11821	11151	6712	5114	5049	5103	12544	12034	11325	7182	5304	5160	5279	13098	11890	7307	5783	5727	5786	12408	6987	6352	6270	6272	6194	9288	6412	6365	5270	5470	5402	6530	6597	11148
14451	12148	11764	10404	10459	11018	10920	10630	10305	9749	6904	5327	5489	5365	12233	11720	10488	10446	11013	11056	10676	10468	9827	6925	5367	5422	5386	12098	10602	10616	11276	11314	10858	10654	9937	7055	5503	5594	5511	10983	10902	11671	11618	11240	10783	9957	7373	5716	5684	5490	16494	12808	10653	10508	10364	9709	6745	5304	5368	5264	12705	10783	10470	10241	9719	6822	5372	5371	5280	11497	11102	10845	10060	7315	5736	5760	5632	11442	11192	10273	7659	5765	5872	5742	12090	10806	8032	6417	6477	6323	11486	7512	7101	7009	7056	6646	10327	7195	7201	6164	6004	6026	7375	7261	12256
13877	11413	11115	10222	10227	10608	10595	10397	10222	9836	4386	3465	3404	3297	11413	11064	10264	10163	10561	10574	10362	10147	9906	4337	3392	3362	3275	11532	10542	10450	10803	10812	10577	10361	10005	4652	3502	3436	3459	10573	10536	11074	11113	10733	10548	10091	4737	3512	3605	3568	15290	11803	10525	10361	10164	9776	4441	3376	3358	3290	11823	10434	10293	10119	9824	4248	3347	3392	3269	11113	10689	10483	10068	4771	3598	3502	3504	11070	10757	10196	4982	3653	3715	3651	11438	10568	5229	4055	3985	3954	10916	4896	4412	4437	4295	4309	6635	4502	4434	3658	3613	3683	4606	4521	8231
15097	12736	12198	11189	11225	11717	11548	11326	11183	10654	6418	4991	5078	5116	12806	12385	11113	11137	11750	11715	11427	11181	10670	6511	5030	5037	5096	12776	11354	11349	11890	11949	11617	11497	10768	6684	5134	5250	5165	11605	11615	12273	12365	11905	11620	10953	6981	5378	5334	5424	16829	13270	11496	11296	11056	10561	6306	4996	4923	5021	13297	11485	11289	11093	10501	6312	5001	5012	4977	12227	11906	11487	10976	6903	5267	5286	5344	12266	11933	11098	7281	5499	5427	5528	12760	11586	7442	5961	5953	5987	12189	7203	6622	6499	6559	6328	9447	6622	6682	5417	5499	5539	6746	6801	11368
13497	12936	12778	10796	10891	11945	12575	12596	12370	11179	7219	5026	5081	5029	12967	12789	10940	10874	11966	12663	12505	12258	11258	7269	5088	5087	5091	13153	10994	10941	12299	13102	13022	12776	11552	7336	5010	4987	5086	11000	11061	12193	13101	13061	12729	11472	7211	4959	5058	5059	13986	12324	10921	10834	10801	10071	6866	4958	4858	4954	12464	11005	10853	10841	10165	6843	4956	4888	4917	12178	11864	11687	10899	7161	4999	5051	4950	13009	12936	11450	7457	5091	5023	5168	13063	11787	7462	5200	5140	5160	12186	7423	5374	5414	5408	7211	6337	5861	5833	4778	4746	4709	5838	5925	10099
16961	14505	13861	12697	12615	13224	13229	12837	12648	12019	8151	6467	6335	6424	14494	13998	12634	12642	13250	13291	12840	12653	11980	8194	6340	6423	6420	14551	12879	12865	13577	13622	13168	12843	12114	8404	6483	6529	6552	13148	13136	14011	14003	13460	13167	12416	8688	6749	6639	6701	18973	15198	13079	12693	12457	11906	8035	6304	6313	6436	15218	13161	12751	12449	11894	7966	6285	6302	6312	13844	13432	13016	12247	8679	6670	6765	6709	13845	13523	12469	9125	6872	7022	6967	14536	13224	9303	7474	7539	7554	13877	8948	8234	8187	8085	7906	11449	8366	8303	7001	7034	7059	8293	8417	13851
15620	13347	12773	11378	11313	12061	11938	11560	11369	10668	8259	6751	6559	6684	13297	12650	11330	11389	11970	11987	11522	11309	10596	8302	6662	6659	6644	13339	11665	11581	12475	12358	11896	11679	10868	8644	6994	6973	6877	11772	11791	12863	12560	12227	11901	11078	8837	7039	6973	6898	17910	14098	11774	11489	11221	10636	8077	6648	6680	6654	14066	11772	11456	11144	10568	8144	6607	6710	6562	12624	12176	11812	10960	8944	7079	7025	6941	12551	12130	11221	9298	7167	7206	7203	13449	11889	9737	7882	7772	7834	12722	9176	8642	8641	8570	8078	12197	8752	8707	7408	7364	7426	8882	8923	14149
15128	14981	14821	13369	13352	14216	14791	14827	14669	13868	6796	4800	4847	4849	14891	15006	13394	13427	14376	14873	14902	14889	13887	6814	4804	4811	4864	15190	13349	13389	14267	15082	14984	15136	13893	6743	4834	4821	4835	13293	13220	14276	15087	15020	14942	14075	6724	4736	4729	4762	15612	14408	13391	13318	13424	12833	6721	4916	4887	4830	14304	13188	13281	13252	12752	6812	4772	4937	4859	14075	14151	14266	13519	6909	4955	4843	4848	15082	14905	14082	6788	4803	4759	4736	15096	14275	6864	4833	4832	4785	14371	6870	4996	4863	4895	6830	5476	5174	5207	4753	4714	4637	5644	5726	10149
18850	17011	16655	15615	15556	16142	15810	15790	15626	15166	7706	5967	5889	5858	17042	16640	15506	15501	16150	15875	15766	15581	15178	7707	5946	5934	5912	17181	15603	15602	16145	16257	16067	15836	15193	7820	6103	5871	5918	15823	15803	16567	16590	16319	16107	15392	7842	6132	6043	6043	20663	17729	15502	15473	15453	15130	7764	6056	6103	6023	17740	15565	15445	15485	15168	7790	6015	6090	5996	16088	16014	15946	15488	8268	6338	6278	6231	16550	16035	15371	8022	6097	5996	5986	17111	15997	8371	6606	6640	6629	16631	8310	7225	7137	7183	7676	9850	7453	7423	6581	6673	6553	7929	7907	13222
18326	16164	15731	14578	14585	15120	15086	14846	14570	14024	8209	6383	6243	6122	16114	15720	14587	14600	15136	15128	14810	14542	14086	8121	6321	6321	6206	16260	14704	14784	15334	15277	15048	14783	14206	8397	6438	6560	6306	14929	14937	15703	15573	15270	14913	14352	8682	6483	6526	6392	20115	16711	14929	14756	14507	13981	8060	6297	6219	6221	16727	14890	14628	14480	13973	8003	6281	6252	6218	15650	15239	14939	14305	8587	6578	6532	6440	15587	15213	14496	8973	6759	6678	6583	16172	14983	9256	7199	7162	7200	15532	8730	7770	7755	7712	7985	10640	7927	7660	6581	6649	6669	8006	7936	13298
14854	12637	11988	10580	10481	11189	11091	10819	10459	9742	8451	6917	6808	6877	12543	12117	10548	10538	11263	11072	10755	10474	9721	8502	6861	6878	6900	12709	10819	10773	11600	11656	10940	10748	9972	8639	7083	7006	7077	11028	11061	12025	12093	11429	11160	10306	9064	7288	7317	7271	16987	13318	11028	10627	10455	9724	8317	6845	6854	6827	13352	10914	10548	10395	9792	8187	6837	6834	6903	11815	11297	11089	10056	9029	7313	7259	7252	11881	11499	10487	9704	7531	7402	7438	12695	11094	9867	8063	8156	8157	11920	9487	8861	8961	8856	8227	12504	9080	9048	7518	7644	7558	9105	9082	14320
12500	12135	12101	10694	10600	11508	11945	12076	12013	10992	6105	4227	4118	4160	12041	12201	10578	10694	11545	12104	11977	11841	11019	6094	4146	4113	4225	12341	10700	10604	11632	12367	12166	12149	11293	6170	4116	4224	4213	10683	10689	11603	12337	12208	12134	11192	6020	4199	4191	4234	12661	11589	10600	10580	10487	10046	5798	4080	4034	4074	11581	10564	10488	10460	10012	5872	4020	4012	4122	11524	11401	11417	10670	6038	4133	4048	4140	12268	12101	11234	6169	4178	4124	4193	12047	11403	6203	4173	4137	4254	11617	6219	4270	4279	4345	6179	4882	4600	4581	3887	3855	3840	4789	4846	8374
16717	14610	14156	12896	12849	13482	13289	13026	12855	12250	7692	6110	6182	6149	14624	14117	12990	12921	13491	13308	13077	12835	12331	7729	6150	6129	6092	14640	13064	13023	13691	13662	13350	13075	12292	7751	6163	6161	6226	13227	13268	14017	14047	13708	13335	12530	7978	6320	6297	6352	18671	15388	13098	12811	12763	12247	7730	6060	6183	6087	15377	13034	12895	12759	12313	7702	6155	6200	6213	13707	13417	13308	12560	8301	6375	6398	6425	14010	13515	12551	8179	6234	6445	6284	14762	13323	8435	6887	7108	7043	14008	8494	7641	7684	7684	7637	10773	7825	7864	6844	6926	6911	8225	8125	13524
16858	15520	15227	14518	14537	14849	14759	14685	14493	14088	5144	3900	3957	3970	15515	15186	14531	14513	14867	14805	14682	14586	14165	5120	3890	3936	3952	15541	14666	14540	15009	15037	14877	14666	14225	5283	3809	4022	3923	14626	14702	15162	15268	14994	14788	14327	5415	3994	4042	4020	18199	15856	14587	14482	14432	14163	5248	3935	4009	3923	15934	14700	14478	14470	14183	5194	3934	3956	3876	14989	14968	14825	14325	5531	4057	4158	4047	15221	14881	14390	5558	3951	4098	4007	15538	14737	5762	4313	4428	4368	15131	5610	4687	4785	4749	5050	6537	4915	4881	4123	4138	4110	5059	5029	8879
11975	11811	11838	10692	10743	11333	11715	11718	11648	11046	5408	3655	3527	3512	11729	11973	10791	10760	11474	11769	11780	11657	11119	5377	3627	3691	3586	11871	10577	10647	11410	11682	11885	11757	11066	5298	3643	3660	3652	10719	10555	11517	11936	11940	11850	11199	5374	3592	3663	3624	12157	11477	10529	10553	10647	10387	5230	3560	3573	3558	11383	10661	10701	10558	10353	5224	3559	3586	3615	11316	11464	11427	10799	5334	3577	3589	3625	11949	11881	11068	5466	3544	3632	3561	11928	11274	5454	3700	3675	3603	11533	5341	3680	3702	3718	5397	4055	3918	3843	3167	3223	3248	4113	4002	7395
15011	12710	12264	10897	10998	11549	11514	11172	10931	10295	7116	5622	5688	5658	12752	12196	10928	10788	11552	11426	11147	10915	10325	7168	5727	5614	5506	12698	11209	11157	11769	11829	11485	11229	10384	7332	5856	5891	5787	11353	11430	12221	12122	11738	11412	10644	7700	5997	5952	5874	17402	13600	11223	10993	10805	10263	6942	5625	5628	5545	13645	11260	11042	10793	10234	7022	5585	5648	5632	12069	11725	11410	10714	7772	6041	6012	6005	12209	11794	10852	7983	6220	6117	5995	12815	11429	8237	6772	6690	6592	12142	7934	7407	7383	7412	7013	10801	7549	7569	6248	6332	6215	7613	7563	13019
18000	16028	15716	14556	14571	14994	14820	14674	14564	13861	8672	6872	6783	6891	16210	15628	14524	14551	15045	14857	14695	14489	13980	8655	6885	6884	6933	16140	14536	14561	15224	15257	14939	14714	14047	8817	6918	6890	6940	14818	14709	15511	15627	15263	15017	14164	8986	6965	7013	7043	19805	16884	14504	14407	14384	13867	8829	6936	6891	6919	16776	14515	14387	14222	13807	8744	6939	6837	6883	15198	15025	14854	14222	9431	7234	7205	7291	15569	14997	14245	9116	7011	6918	7007	16099	14827	9485	7676	7562	7577	15492	9318	8338	8205	8267	8570	11247	8409	8544	7386	7468	7535	8941	8928	14299
11808	10077	9673	8785	8747	9123	9140	8935	8864	8460	4853	3723	3782	3800	10048	9671	8819	8810	9190	9210	8978	8891	8416	4742	3792	3705	3706	10209	8954	8987	9443	9499	9215	8899	8447	4973	3899	3784	3848	9155	9146	9627	9673	9337	9083	8522	5198	3939	3910	3912	13472	10593	8941	8918	8628	8292	4750	3808	3728	3747	10562	9102	8933	8689	8259	4626	3808	3712	3730	9563	9325	9154	8589	5146	4045	3856	3916	9727	9283	8715	5409	4000	4002	4004	10116	9164	5534	4375	4407	4432	9536	5315	4867	4846	4845	4758	7246	5040	4924	4112	4174	4157	5024	5094	8855
15397	12952	12518	11440	11336	11891	11976	11713	11632	10943	5645	4352	4434	4425	12993	12626	11491	11463	12018	12060	11644	11543	10835	5706	4370	4422	4369	13095	11725	11728	12208	12240	11879	11654	11144	5888	4459	4565	4616	11841	11781	12579	12535	12221	11834	11292	6065	4589	4625	4583	17256	13512	11776	11591	11425	10866	5611	4332	4353	4358	13559	11713	11599	11318	10880	5518	4376	4272	4287	12436	12079	11783	11204	6145	4550	4663	4518	12513	12126	11426	6411	4767	4766	4769	13033	11884	6660	5296	5307	5271	12461	6346	5792	5845	5698	5566	8521	5892	5776	4828	4879	5005	5879	5838	10413
11881	11449	11260	9640	9566	10665	11120	11111	10939	9872	6411	4436	4469	4411	11399	11225	9619	9516	10623	11104	11079	10949	9855	6308	4448	4462	4406	11558	9748	9685	10844	11531	11464	11200	10072	6504	4442	4448	4557	9770	9569	10842	11695	11533	11317	10054	6521	4552	4452	4514	12288	10960	9618	9515	9463	8656	6039	4216	4287	4344	10861	9555	9481	9444	8722	6005	4245	4277	4339	10502	10569	10323	9578	6306	4383	4380	4262	11504	11366	10174	6509	4392	4497	4510	11572	10238	6570	4463	4542	4561	10702	6534	4664	4679	4681	6424	5689	5112	5150	3982	4190	4205	5083	5073	8919
17401	15479	14947	13697	13596	14189	14072	13791	13622	13046	8442	6738	6797	6719	15365	14973	13673	13605	14197	14050	13821	13587	13076	8501	6790	6831	6706	15571	13880	13879	14528	14390	14236	13841	13206	8677	6852	6918	6870	14057	14009	14819	14893	14472	14211	13320	8844	6957	6950	6856	19425	15952	14020	13768	13496	12881	8420	6699	6717	6665	16014	13961	13769	13524	12929	8317	6726	6806	6699	14636	14368	13955	13330	8996	7055	7143	6991	14785	14456	13564	9181	7091	7149	7059	15488	14177	9521	7705	7788	7669	14897	9164	8455	8529	8340	8298	11431	8566	8458	7340	7224	7311	8720	8634	13932
16351	13894	13392	11889	11803	12498	12311	12211	11789	10974	9490	7593	7588	7529	13955	13327	11768	11725	12523	12387	12017	11737	11029	9496	7661	7648	7563	13954	12008	12078	12870	12784	12397	12098	11150	9782	7794	7843	7788	12446	12457	13325	13355	12697	12350	11350	10133	8054	7984	8019	18339	14673	12281	11924	11731	11018	9369	7583	7631	7598	14668	12348	11922	11554	10900	9417	7612	7601	7527	13220	12539	12220	11472	10193	8039	8085	8020	13207	12763	11713	10644	8283	8267	8187	14004	12339	10907	9005	8857	8841	13223	10476	9902	9903	9832	9227	13586	9933	9959	8358	8452	8368	10005	10087	15632
14335	13991	13949	12703	12548	13502	13876	13704	13837	13124	6866	4688	4646	4643	14021	14100	12825	12693	13526	13962	13967	13761	13055	6839	4745	4668	4666	14054	12584	12681	13527	14155	13943	13889	13279	6852	4691	4661	4689	12710	12704	13486	14183	14041	13943	13198	6843	4739	4736	4644	14450	13472	12656	12601	12651	12077	6778	4635	4596	4649	13455	12809	12634	12624	12070	6738	4573	4633	4533	13351	13418	13343	12690	6753	4709	4681	4704	14060	14044	13233	6845	4670	4682	4652	14017	13240	6901	4703	4728	4679	13442	6916	4779	4815	4811	6858	5217	5063	5097	4329	4353	4463	5343	5430	9445
13688	13527	13547	11980	11830	12921	13327	13325	13371	12620	5193	3530	3610	3527	13506	13487	11881	11900	12930	13546	13566	13468	12599	5145	3636	3586	3660	13581	11865	11692	12779	13759	13559	13580	12515	5175	3621	3532	3589	11786	11723	12797	13683	13564	13604	12640	5048	3597	3566	3608	13881	13078	11771	11858	11751	11581	5050	3713	3656	3704	12964	11767	11681	11838	11662	5084	3685	3758	3691	12617	12582	12851	12345	5114	3680	3619	3693	13705	13557	12539	5056	3561	3587	3600	13559	12704	5136	3597	3647	3675	12955	5129	3706	3691	3678	5244	4021	3856	3799	3777	3719	3729	4734	4661	8493
14331	12462	12030	11063	10953	11452	11328	11189	10901	10603	5593	4355	4282	4304	12441	12020	11005	10997	11456	11383	11225	11022	10515	5587	4342	4353	4315	12487	11154	11222	11681	11612	11437	11225	10609	5724	4391	4466	4344	11312	11277	11991	11994	11659	11428	10719	5838	4437	4612	4452	16265	12975	11098	11036	10780	10434	5507	4237	4298	4348	13087	11177	11057	10892	10450	5487	4250	4373	4364	11732	11647	11253	10780	6029	4504	4608	4578	12073	11531	10804	6105	4496	4546	4493	12394	11387	6382	5001	4991	5003	12001	6110	5589	5673	5684	5480	8365	5769	5713	4879	4823	4826	5983	5799	10264
11472	9346	9040	7916	7960	8405	8458	8192	7973	7523	4951	3957	3897	3879	9404	8947	8024	7874	8402	8405	8022	7913	7567	4775	3855	3832	3829	9350	8039	8064	8595	8701	8451	8125	7503	5103	4013	4013	3972	8365	8339	8976	8971	8679	8270	7735	5215	4146	4099	4129	13161	9903	8258	8007	7777	7349	4791	3845	3838	3846	9898	8246	8003	7909	7420	4822	3870	3842	3773	8796	8497	8249	7695	5212	4157	4105	4134	8902	8546	7850	5597	4221	4243	4197	9317	8331	5897	4650	4632	4704	8892	5505	5279	5294	5255	4645	7868	5225	5260	4338	4264	4274	5311	5281	9334
11836	11517	11280	9568	9558	10542	11233	11079	10838	9841	6397	4614	4524	4466	11520	11395	9570	9621	10551	11113	11029	10950	9847	6405	4468	4535	4573	11666	9757	9577	10695	11459	11391	11368	10044	6601	4601	4530	4515	9661	9700	10740	11565	11583	11287	10149	6592	4550	4583	4553	12449	10930	9627	9568	9469	8889	6060	4352	4327	4381	11008	9512	9577	9401	8817	6110	4360	4408	4386	10621	10620	10454	9629	6265	4453	4545	4520	11564	11327	10054	6693	4572	4553	4586	11501	10299	6731	4681	4675	4691	10673	6584	4831	4865	4891	6351	5844	5322	5153	4198	4301	4261	5383	5416	9173
12163	11924	11883	10204	10242	11178	11660	11720	11533	10714	6147	4291	4332	4338	12041	11768	10273	10259	11131	11740	11653	11616	10561	6185	4241	4377	4354	12013	10324	10332	11395	12027	12000	11806	10790	6302	4324	4369	4372	10316	10300	11246	12069	12023	11827	10832	6269	4358	4264	4421	12555	11391	10393	10139	10107	9432	5872	4117	4246	4167	11384	10288	10163	10133	9567	5949	4193	4268	4135	11275	11255	11087	10386	6125	4246	4309	4290	12030	11913	10769	6278	4298	4420	4382	11975	11019	6404	4434	4345	4403	11190	6360	4473	4524	4584	6250	5245	4857	4802	3972	3996	4034	5007	4896	8461
16026	14113	13736	12475	12554	13171	12834	12802	12645	12053	7219	5659	5711	5697	14102	13761	12564	12457	13196	12839	12753	12593	11994	7208	5606	5615	5691	14148	12694	12644	13205	13354	13029	12898	12026	7201	5630	5569	5619	12766	12815	13472	13627	13301	12947	12197	7404	5811	5765	5734	17929	14805	12546	12537	12475	11988	7257	5730	5644	5583	14799	12532	12570	12487	11997	7232	5740	5672	5629	13112	13080	12867	12359	7757	5912	5953	6004	13561	13034	12082	7431	5670	5708	5691	14204	12950	7930	6259	6295	6385	13566	7816	6903	7024	7013	7106	9990	7185	7224	6297	6322	6428	7552	7659	12495
13857	11390	10923	9754	9638	10296	10206	9971	9682	9091	5963	4792	4660	4726	11343	10836	9695	9714	10240	10269	9890	9653	9125	6041	4773	4655	4669	11452	9868	9883	10539	10479	10157	9963	9316	6254	4883	4859	4823	10284	10182	10871	10953	10421	10140	9412	6526	5014	4926	4963	15702	11931	10008	9735	9571	9054	5956	4717	4622	4715	11946	10104	9732	9559	9055	5984	4674	4616	4704	10708	10373	10078	9384	6450	4954	4990	4942	10731	10443	9586	6933	5140	5154	5162	11348	10125	7003	5754	5726	5711	10739	6728	6251	6239	6338	5797	9341	6358	6265	5286	5291	5231	6423	6328	11003
12413	12265	12280	11554	11469	12085	12348	12176	12296	11969	5154	3528	3470	3563	12354	12236	11572	11533	12016	12318	12323	12241	11855	5169	3539	3478	3579	12339	11509	11604	11974	12239	12449	12421	11952	5117	3559	3468	3500	11547	11522	12012	12375	12416	12286	12032	5118	3591	3499	3495	12469	12050	11514	11562	11604	11384	5169	3542	3484	3479	11961	11554	11465	11453	11378	5147	3507	3503	3510	12087	11859	12200	11822	5083	3581	3576	3521	12327	12375	12057	5224	3545	3447	3525	12308	12042	5247	3536	3482	3510	12090	5204	3586	3541	3536	5205	3799	3629	3765	3286	3301	3310	4113	4027	7196
16951	14746	14518	13429	13392	13910	13902	13654	13472	12980	6152	4928	4818	4857	14876	14487	13512	13518	13978	13889	13600	13390	12951	6132	4858	4820	4770	14862	13548	13640	14231	14165	13897	13624	13081	6383	5019	4888	4975	13732	13854	14471	14556	14215	13815	13320	6539	5199	5006	4991	18613	15353	13761	13455	13388	12922	6097	4818	4688	4720	15385	13783	13546	13357	13059	6020	4858	4690	4670	14338	13968	13776	13190	6525	5092	4973	4959	14395	14140	13392	6859	5200	5147	5155	14902	13869	7113	5589	5569	5579	14301	6734	6209	6038	6094	6038	8654	6188	6143	5281	5169	5240	6235	6287	11048
14014	13890	13835	12594	12503	13408	13729	13693	13935	13228	5931	4041	3957	4021	13867	13826	12679	12640	13313	13633	13843	13743	12954	5929	4051	3992	3998	13911	12442	12639	13347	13763	13821	13751	13120	5874	3964	4022	4006	12653	12600	13421	13823	13805	14022	13353	5884	4024	3963	3932	13971	13269	12599	12588	12634	12328	5927	3934	4032	3923	13413	12567	12606	12479	12199	5876	3954	4067	3956	13237	13310	13308	12912	5908	3971	4010	3951	13831	13864	13134	5804	3997	3914	3892	13855	13233	5906	4041	3919	3959	13398	5970	4003	4041	3999	5930	4460	4222	4197	3715	3832	3804	4553	4633	8370
14179	12001	11427	10347	10198	10805	10824	10458	10315	9664	5823	4658	4687	4601	11823	11427	10441	10335	10849	10707	10528	10238	9660	5880	4591	4588	4576	11922	10532	10559	11110	11015	10787	10441	9866	6161	4735	4741	4791	10635	10719	11493	11325	10930	10683	9997	6379	4913	4791	4837	16179	12476	10583	10219	10127	9557	5732	4515	4539	4493	12526	10715	10411	10220	9596	5815	4586	4560	4587	11288	10910	10750	9924	6291	4895	4923	4805	11374	10958	10199	6615	5016	4966	5004	11929	10684	6896	5479	5463	5411	11357	6565	6140	6100	5990	5713	9247	6238	6233	5131	5202	5223	6214	6213	10889
11124	10373	10089	8220	8137	9254	9760	9611	9375	8109	6791	4815	5012	5005	10289	10076	8194	8204	9259	9745	9659	9394	8075	6714	4793	4949	4901	10632	8452	8473	9654	10260	10020	9883	8518	6977	4888	4970	4983	8392	8543	9698	10422	10098	9954	8527	6986	5026	4995	5017	12185	10085	8338	8276	8046	7344	6157	4761	4716	4662	10100	8261	8261	8128	7295	6225	4680	4784	4678	9504	9336	9067	8129	6606	4834	4943	4970	10365	10138	8715	7116	5096	4989	5058	10546	8780	7336	5182	5231	5228	9472	7104	5660	5518	5534	6608	7258	5974	6027	4825	4864	4886	5872	5735	10050
14106	11850	11303	10011	10107	10640	10551	10301	10047	9384	6939	5440	5530	5436	11767	11411	10049	10012	10617	10530	10343	10080	9517	6983	5450	5524	5488	11912	10234	10344	10942	11052	10556	10331	9630	7221	5598	5598	5681	10463	10498	11333	11427	10844	10479	9827	7513	5796	5737	5796	16117	12477	10363	10150	9919	9339	6886	5346	5436	5442	12548	10472	10218	9880	9430	6792	5381	5433	5431	11338	10881	10405	9741	7539	5920	5801	5720	11224	10851	9956	7869	6089	5901	6019	11856	10444	8193	6517	6458	6597	11209	7772	7225	7192	7178	6804	10366	7372	7374	6169	6146	6109	7334	7389	12166
13423	13290	13121	11876	11821	12828	13220	13132	13017	12284	6541	4452	4479	4352	13248	13363	11790	11774	12765	13244	13162	13038	12260	6609	4501	4490	4443	13564	11744	11901	12815	13459	13354	13403	12454	6612	4506	4505	4507	11912	11849	12748	13537	13557	13415	12379	6501	4584	4505	4552	13783	12728	11791	11823	11770	11265	6376	4470	4388	4422	12760	11708	11721	11724	11196	6321	4451	4488	4359	12785	12735	12647	11939	6468	4426	4492	4450	13454	13342	12419	6581	4604	4516	4484	13552	12425	6548	4584	4553	4619	12733	6674	4679	4714	4660	6563	5189	4913	4913	4121	4207	4120	5046	5152	9132
14659	14520	14278	13221	13277	14004	14350	14485	14370	13759	6555	4348	4372	4376	14597	14474	13269	13339	13999	14508	14451	14422	13887	6590	4368	4383	4347	14566	13300	13311	14089	14682	14637	14572	13945	6597	4352	4312	4448	13250	13419	14142	14541	14519	14388	13934	6654	4447	4292	4355	14878	13897	13364	13228	13332	12843	6456	4285	4248	4341	13931	13228	13257	13202	12955	6476	4305	4253	4370	14070	14102	14006	13489	6513	4347	4407	4334	14600	14526	13896	6600	4345	4364	4389	14482	13943	6612	4430	4366	4330	14179	6684	4485	4420	4384	6666	4743	4678	4576	4095	3949	3970	4973	4943	8936
11700	11559	11360	10269	10207	10981	11317	11369	11402	10670	5381	3679	3609	3710	11466	11415	10137	10308	11101	11453	11345	11243	10814	5405	3586	3605	3684	11531	10037	10132	11037	11544	11537	11550	10753	5358	3730	3621	3664	10253	10331	11159	11447	11495	11602	10845	5489	3619	3693	3651	11889	10967	10262	10163	10104	9768	5243	3591	3626	3606	10944	10270	10181	10174	9832	5270	3685	3620	3665	11045	10855	10968	10437	5337	3619	3625	3738	11561	11459	10768	5454	3646	3621	3703	11503	10929	5481	3649	3616	3686	10958	5439	3777	3695	3740	5386	4081	3880	3992	3415	3422	3411	4112	4030	7516
14301	14106	13996	12859	13004	13615	13967	14087	14010	13226	6872	4914	4918	4755	14174	14230	12910	12993	13689	14066	14115	14018	13257	6810	4828	4898	4759	14292	12943	12954	13824	14241	14232	14187	13518	6851	4861	4825	4874	12803	12898	13685	14277	14249	14113	13518	6863	4880	4838	4788	14603	13825	12724	12819	12749	12328	6753	4824	4819	4774	13865	12945	12817	12839	12462	6712	4838	4868	4796	13580	13702	13584	13019	6761	4823	4846	4862	14261	14327	13373	6793	4820	4849	4873	14234	13530	6893	4851	4828	4911	13606	6828	4900	4952	4881	6913	5414	5265	5134	4551	4589	4565	5588	5640	9536
15520	13188	12565	11483	11509	11913	11933	11671	11299	10791	7121	5598	5526	5642	13147	12507	11464	11503	11914	11922	11617	11370	10752	7087	5584	5563	5690	13152	11792	11708	12220	12233	11896	11633	10982	7323	5743	5750	5699	11920	11883	12612	12674	12187	11916	11119	7681	5939	5913	5888	17388	13785	11834	11457	11381	10762	6921	5602	5554	5602	13706	11720	11471	11316	10706	6946	5650	5597	5603	12516	12060	11817	11039	7614	5898	5899	5963	12530	12197	11289	7972	6093	6114	6171	13131	11838	8145	6644	6540	6574	12437	7836	7212	7185	7274	6985	10402	7371	7391	6185	6189	6198	7402	7393	12270
18280	16628	16407	15670	15665	15973	15847	15712	15597	15203	6087	4453	4548	4614	16722	16383	15728	15668	15989	15919	15770	15592	15267	6077	4485	4543	4541	16804	15884	15771	16182	16152	15966	15758	15324	6206	4592	4581	4658	15940	15875	16400	16464	16075	15868	15433	6430	4614	4736	4693	19643	17175	15817	15723	15493	15217	6028	4483	4422	4511	17186	15858	15694	15533	15235	6132	4543	4443	4530	16319	16077	15873	15452	6482	4768	4644	4725	16489	16170	15588	6495	4743	4735	4767	16769	15861	6645	4984	5075	5125	16338	6455	5426	5560	5575	5954	7410	5538	5661	4632	4727	4741	5804	5783	10019
11553	10746	10563	8711	8788	9883	10359	10144	9872	8726	6724	4820	4850	4901	10938	10626	8763	8788	9832	10266	10133	10026	8730	6723	4821	4870	4872	11077	8906	8916	10056	10777	10715	10409	9255	6874	4955	4930	4999	8910	8943	10157	11007	10799	10429	9221	7004	4986	4970	4978	12407	10307	8868	8750	8653	7813	6249	4679	4747	4704	10313	8882	8832	8652	7906	6261	4626	4708	4694	10056	9756	9740	8636	6686	4864	4818	4818	11019	10594	9276	7009	4949	4970	5012	10911	9439	7161	5096	5225	5082	10005	7098	5328	5460	5355	6633	6769	5838	5882	4703	4660	4615	5697	5679	9793
11723	11466	11346	9854	9831	10666	11195	11273	11022	10375	5445	3650	3650	3600	11535	11282	9844	9870	10926	11282	11220	10938	10259	5554	3697	3681	3659	11639	9858	9956	10719	11573	11495	11151	10421	5503	3681	3668	3689	9843	9810	10843	11579	11555	11223	10564	5529	3718	3662	3692	12078	10871	9998	9842	9799	9409	5204	3577	3568	3587	10980	9722	9893	9655	9232	5255	3621	3549	3600	10664	10731	10533	9888	5514	3628	3681	3637	11519	11382	10459	5584	3803	3782	3664	11414	10658	5604	3674	3719	3789	10797	5627	3862	3852	3867	5416	4332	4166	4052	3378	3398	3468	4232	4224	7633
12065	11629	11485	10041	10062	10827	11443	11313	11270	10263	6318	4356	4355	4395	11748	11776	10002	10020	11024	11511	11520	11375	10242	6327	4368	4302	4367	11836	10051	9992	11037	11696	11818	11498	10485	6331	4427	4323	4407	10060	10065	11072	11959	11871	11590	10485	6304	4478	4340	4362	12557	11117	9983	9929	9824	9263	6073	4266	4223	4230	11158	10009	9974	9830	9227	5923	4288	4170	4233	10960	10948	10776	9987	6076	4292	4369	4363	11773	11634	10566	6443	4519	4354	4363	11793	10625	6412	4494	4482	4473	11006	6543	4589	4608	4531	6252	5491	4939	4881	4051	3995	4166	5060	5022	8965
14617	12446	11950	10697	10760	11230	11238	10999	10675	10185	7001	5637	5500	5536	12609	12056	10800	10786	11277	11384	10994	10702	10235	7142	5607	5674	5638	12610	11017	11015	11648	11648	11219	11015	10347	7426	5698	5736	5869	11218	11288	12033	12058	11589	11254	10582	7625	5980	5891	5832	16612	13121	11271	10819	10697	10102	7080	5510	5566	5510	13124	11181	10942	10729	10132	6923	5605	5526	5634	11829	11473	11260	10498	7616	5889	5907	5877	11886	11523	10696	7973	6117	6074	6136	12474	11159	8220	6456	6625	6621	11910	7851	7233	7351	7369	6932	10341	7295	7329	6065	6157	6251	7421	7466	12295
19379	17585	17244	16123	16113	16585	16515	16321	16149	15608	9525	7394	7414	7530	17594	17226	16106	16037	16704	16517	16339	16215	15665	9426	7383	7430	7445	17710	16328	16269	16861	16868	16585	16299	15680	9583	7473	7604	7560	16494	16532	17113	17191	16741	16489	15896	9822	7578	7670	7661	20956	18179	16339	16199	15979	15505	9319	7389	7408	7417	18110	16389	16133	16057	15378	9343	7346	7457	7458	17006	16694	16510	15764	9991	7662	7758	7697	16895	16779	15983	10136	7563	7711	7728	17656	16488	10352	8179	8329	8324	17096	10175	8814	8884	8938	9397	11444	8985	9069	7782	7769	7755	9296	9268	14618
18242	16387	15950	15063	15146	15479	15479	15201	15160	14617	6825	5102	5235	5219	16396	15924	15095	15158	15518	15418	15228	15077	14655	6834	5118	5281	5284	16443	15334	15369	15804	15808	15415	15321	14814	7055	5272	5437	5346	15389	15428	16009	16062	15633	15384	14807	7176	5276	5446	5479	19684	16865	15342	15192	15079	14702	6773	5090	5324	5241	16858	15416	15267	15063	14623	6777	5057	5216	5224	15975	15591	15344	14818	7194	5292	5420	5468	15851	15589	14993	7431	5430	5587	5578	16351	15442	7664	5865	5924	5977	15864	7359	6248	6452	6351	6724	8577	6505	6444	5465	5667	5581	6775	6670	11313
16783	14633	13994	12581	12662	13423	13075	12841	12566	12013	9313	7631	7658	7440	14655	13972	12686	12736	13504	13096	12838	12563	12004	9374	7597	7657	7562	14632	12791	12749	13511	13492	13161	12892	11969	9350	7623	7689	7674	12930	13054	13906	13917	13609	13180	12240	9684	7804	7744	7785	18797	15317	12640	12563	12356	11829	9422	7645	7610	7540	15407	12701	12585	12382	11900	9308	7663	7647	7621	13583	13315	13050	12267	10110	7930	7934	7960	13922	13363	12360	9908	7846	7805	7753	14597	13098	10425	8589	8503	8470	13992	10139	9516	9455	9476	9206	13017	9662	9599	8404	8441	8429	9999	9974	15479
